0.000000 0.197023
0.001000 0.196964
0.002000 0.197245
0.003000 0.195836
0.004000 0.194387
0.005000 0.192791
0.006000 0.190667
0.007000 0.190806
0.008000 0.188707
0.009000 0.189292
0.010000 0.188455
0.011000 0.185651
0.012000 0.185848
0.013000 0.186430
0.014000 0.186249
0.015000 0.186350
0.016000 0.185340
0.017000 0.185149
0.018000 0.179683
0.019000 0.177790
0.020000 0.176993
0.021000 0.175408
0.022000 0.173598
0.023000 0.169679
0.024000 0.167087
0.025000 0.168332
0.026000 0.165501
0.027000 0.164120
0.028000 0.163871
0.029000 0.162152
0.030000 0.157986
0.031000 0.154129
0.032000 0.154365
0.033000 0.155364
0.034000 0.154404
0.035000 0.154780
0.036000 0.152564
0.037000 0.152826
0.038000 0.151014
0.039000 0.152075
0.040000 0.148332
0.041000 0.149479
0.042000 0.150008
0.043000 0.149234
0.044000 0.145767
0.045000 0.142374
0.046000 0.144914
0.047000 0.142775
0.048000 0.139275
0.049000 0.141856
0.050000 0.143262
0.051000 0.141679
0.052000 0.141545
0.053000 0.138218
0.054000 0.139493
0.055000 0.140025
0.056000 0.138936
0.057000 0.134086
0.058000 0.129955
0.059000 0.126036
0.060000 0.128016
0.061000 0.129640
0.062000 0.130677
0.063000 0.129359
0.064000 0.127182
0.065000 0.122775
0.066000 0.119453
0.067000 0.119950
0.068000 0.119678
0.069000 0.120436
0.070000 0.120083
0.071000 0.118796
0.072000 0.114417
0.073000 0.114753
0.074000 0.115487
0.075000 0.106649
0.076000 0.102245
0.077000 0.104302
0.078000 0.110870
0.079000 0.110492
0.080000 0.107980
0.081000 0.114631
0.082000 0.116964
0.083000 0.119063
0.084000 0.125459
0.085000 0.126819
0.086000 0.127710
0.087000 0.130428
0.088000 0.127876
0.089000 0.123707
0.090000 0.127008
0.091000 0.125648
0.092000 0.122128
0.093000 0.124063
0.094000 0.122276
0.095000 0.125315
0.096000 0.123283
0.097000 0.122943
0.098000 0.124749
0.099000 0.125343
0.100000 0.122458
0.101000 0.125827
0.102000 0.130352
0.103000 0.131621
0.104000 0.132080
0.105000 0.131238
0.106000 0.132045
0.107000 0.135958
0.108000 0.131072
0.109000 0.128342
0.110000 0.134768
0.111000 0.130946
0.112000 0.127747
0.113000 0.133861
0.114000 0.137442
0.115000 0.141301
0.116000 0.141532
0.117000 0.137781
0.118000 0.137969
0.119000 0.143853
0.120000 0.143315
0.121000 0.145342
0.122000 0.140399
0.123000 0.141973
0.124000 0.146489
0.125000 0.147082
0.126000 0.150403
0.127000 0.152696
0.128000 0.163353
0.129000 0.168010
0.130000 0.172990
0.131000 0.175783
0.132000 0.171026
0.133000 0.180007
0.134000 0.184553
0.135000 0.190655
0.136000 0.188602
0.137000 0.191106
0.138000 0.189141
0.139000 0.187070
0.140000 0.185164
0.141000 0.185643
0.142000 0.180503
0.143000 0.180472
0.144000 0.181856
0.145000 0.178185
0.146000 0.179382
0.147000 0.181607
0.148000 0.183899
0.149000 0.187885
0.150000 0.188709
0.151000 0.191461
0.152000 0.184004
0.153000 0.182625
0.154000 0.181742
0.155000 0.184720
0.156000 0.182411
0.157000 0.183237
0.158000 0.193864
0.159000 0.201733
0.160000 0.198879
0.161000 0.202744
0.162000 0.202406
0.163000 0.201628
0.164000 0.199804
0.165000 0.205506
0.166000 0.208117
0.167000 0.208896
0.168000 0.203183
0.169000 0.203284
0.170000 0.211444
0.171000 0.207325
0.172000 0.211854
0.173000 0.210411
0.174000 0.212321
0.175000 0.208824
0.176000 0.206090
0.177000 0.209412
0.178000 0.211754
0.179000 0.213107
0.180000 0.215939
0.181000 0.218330
0.182000 0.228244
0.183000 0.227382
0.184000 0.228804
0.185000 0.233787
0.186000 0.242006
0.187000 0.236950
0.188000 0.234891
0.189000 0.228754
0.190000 0.237557
0.191000 0.242118
0.192000 0.244281
0.193000 0.238740
0.194000 0.240997
0.195000 0.238845
0.196000 0.240072
0.197000 0.246794
0.198000 0.245582
0.199000 0.243129
0.200000 0.251772
0.201000 0.255361
0.202000 0.255960
0.203000 0.263330
0.204000 0.261263
0.205000 0.263052
0.206000 0.269392
0.207000 0.274272
0.208000 0.270976
0.209000 0.272805
0.210000 0.276192
0.211000 0.277380
0.212000 0.275935
0.213000 0.272754
0.214000 0.272052
0.215000 0.273641
0.216000 0.269296
0.217000 0.272801
0.218000 0.270210
0.219000 0.267237
0.220000 0.267851
0.221000 0.270047
0.222000 0.266729
0.223000 0.261377
0.224000 0.266984
0.225000 0.263255
0.226000 0.264268
0.227000 0.264544
0.228000 0.265509
0.229000 0.265143
0.230000 0.273187
0.231000 0.275247
0.232000 0.277276
0.233000 0.279899
0.234000 0.281799
0.235000 0.280103
0.236000 0.277371
0.237000 0.282996
0.238000 0.279952
0.239000 0.282158
0.240000 0.280687
0.241000 0.276703
0.242000 0.270199
0.243000 0.269316
0.244000 0.270409
0.245000 0.267898
0.246000 0.271896
0.247000 0.271903
0.248000 0.274966
0.249000 0.275582
0.250000 0.279135
0.251000 0.287459
0.252000 0.289166
0.253000 0.288581
0.254000 0.286138
0.255000 0.292922
0.256000 0.296727
0.257000 0.293840
0.258000 0.295604
0.259000 0.296746
0.260000 0.304116
0.261000 0.297892
0.262000 0.300516
0.263000 0.299910
0.264000 0.306260
0.265000 0.301673
0.266000 0.302315
0.267000 0.295229
0.268000 0.293340
0.269000 0.295685
0.270000 0.304760
0.271000 0.306542
0.272000 0.313349
0.273000 0.306374
0.274000 0.313097
0.275000 0.319612
0.276000 0.318668
0.277000 0.312084
0.278000 0.318188
0.279000 0.314717
0.280000 0.311828
0.281000 0.306708
0.282000 0.305260
0.283000 0.307718
0.284000 0.305191
0.285000 0.305059
0.286000 0.312199
0.287000 0.318358
0.288000 0.318089
0.289000 0.315667
0.290000 0.312704
0.291000 0.311105
0.292000 0.313269
0.293000 0.314347
0.294000 0.314622
0.295000 0.310459
0.296000 0.315771
0.297000 0.312117
0.298000 0.316725
0.299000 0.320239
0.300000 0.318796
0.301000 0.318653
0.302000 0.321476
0.303000 0.323108
0.304000 0.330959
0.305000 0.333285
0.306000 0.334966
0.307000 0.344220
0.308000 0.353571
0.309000 0.353726
0.310000 0.359096
0.311000 0.357782
0.312000 0.359234
0.313000 0.359854
0.314000 0.361362
0.315000 0.362573
0.316000 0.366930
0.317000 0.363808
0.318000 0.360647
0.319000 0.358785
0.320000 0.360912
0.321000 0.365499
0.322000 0.365327
0.323000 0.365723
0.324000 0.373795
0.325000 0.375334
0.326000 0.377245
0.327000 0.379290
0.328000 0.383425
0.329000 0.380975
0.330000 0.386078
0.331000 0.387162
0.332000 0.384503
0.333000 0.383644
0.334000 0.381026
0.335000 0.381792
0.336000 0.385692
0.337000 0.392782
0.338000 0.396285
0.339000 0.399402
0.340000 0.402438
0.341000 0.397456
0.342000 0.397965
0.343000 0.395521
0.344000 0.394924
0.345000 0.398565
0.346000 0.393926
0.347000 0.389135
0.348000 0.393980
0.349000 0.397709
0.350000 0.400727
0.351000 0.403499
0.352000 0.409039
0.353000 0.408403
0.354000 0.413701
0.355000 0.415532
0.356000 0.418828
0.357000 0.417864
0.358000 0.416827
0.359000 0.419714
0.360000 0.417743
0.361000 0.418515
0.362000 0.422969
0.363000 0.427604
0.364000 0.429435
0.365000 0.431304
0.366000 0.434321
0.367000 0.438220
0.368000 0.437510
0.369000 0.437198
0.370000 0.444019
0.371000 0.443305
0.372000 0.446116
0.373000 0.449503
0.374000 0.449466
0.375000 0.445177
0.376000 0.440901
0.377000 0.439651
0.378000 0.439481
0.379000 0.436469
0.380000 0.442556
0.381000 0.446386
0.382000 0.445841
0.383000 0.451201
0.384000 0.451839
0.385000 0.445832
0.386000 0.447252
0.387000 0.448178
0.388000 0.448166
0.389000 0.454343
0.390000 0.457254
0.391000 0.452501
0.392000 0.458516
0.393000 0.463042
0.394000 0.456766
0.395000 0.459001
0.396000 0.462376
0.397000 0.466153
0.398000 0.466029
0.399000 0.470543
0.400000 0.466952
0.401000 0.468825
0.402000 0.470744
0.403000 0.471222
0.404000 0.467371
0.405000 0.466097
0.406000 0.468325
0.407000 0.456905
0.408000 0.457968
0.409000 0.462906
0.410000 0.466036
0.411000 0.467193
0.412000 0.467348
0.413000 0.469235
0.414000 0.468370
0.415000 0.466124
0.416000 0.468925
0.417000 0.466979
0.418000 0.471315
0.419000 0.475494
0.420000 0.484613
0.421000 0.486966
0.422000 0.497006
0.423000 0.503478
0.424000 0.499526
0.425000 0.502998
0.426000 0.505948
0.427000 0.508515
0.428000 0.509186
0.429000 0.509735
0.430000 0.509077
0.431000 0.505667
0.432000 0.506783
0.433000 0.507458
0.434000 0.509100
0.435000 0.507891
0.436000 0.504809
0.437000 0.505950
0.438000 0.504167
0.439000 0.505791
0.440000 0.509637
0.441000 0.514521
0.442000 0.525866
0.443000 0.522662
0.444000 0.526030
0.445000 0.532801
0.446000 0.539146
0.447000 0.531289
0.448000 0.533854
0.449000 0.531276
0.450000 0.536791
0.451000 0.537115
0.452000 0.538859
0.453000 0.536410
0.454000 0.531971
0.455000 0.533779
0.456000 0.530806
0.457000 0.529464
0.458000 0.525897
0.459000 0.523580
0.460000 0.523533
0.461000 0.526297
0.462000 0.523463
0.463000 0.519167
0.464000 0.517313
0.465000 0.519902
0.466000 0.522056
0.467000 0.528990
0.468000 0.530343
0.469000 0.533941
0.470000 0.536633
0.471000 0.534977
0.472000 0.540221
0.473000 0.546120
0.474000 0.549621
0.475000 0.547515
0.476000 0.556436
0.477000 0.557330
0.478000 0.559206
0.479000 0.558238
0.480000 0.565032
0.481000 0.569561
0.482000 0.567394
0.483000 0.568804
0.484000 0.580741
0.485000 0.584303
0.486000 0.582875
0.487000 0.587950
0.488000 0.593767
0.489000 0.602733
0.490000 0.602565
0.491000 0.602412
0.492000 0.606343
0.493000 0.605630
0.494000 0.610646
0.495000 0.615808
0.496000 0.614636
0.497000 0.613398
0.498000 0.619121
0.499000 0.625770
0.500000 0.630152
0.501000 0.641304
0.502000 0.640124
0.503000 0.645582
0.504000 0.649643
0.505000 0.652318
0.506000 0.652397
0.507000 0.654458
0.508000 0.657044
0.509000 0.656442
0.510000 0.658288
0.511000 0.665777
0.512000 0.668606
0.513000 0.664831
0.514000 0.671675
0.515000 0.671541
0.516000 0.672079
0.517000 0.670746
0.518000 0.670159
0.519000 0.675056
0.520000 0.673646
0.521000 0.670527
0.522000 0.677283
0.523000 0.680935
0.524000 0.687771
0.525000 0.693566
0.526000 0.694908
0.527000 0.692330
0.528000 0.693483
0.529000 0.693161
0.530000 0.696181
0.531000 0.691470
0.532000 0.692073
0.533000 0.691022
0.534000 0.693683
0.535000 0.699006
0.536000 0.705327
0.537000 0.707706
0.538000 0.714064
0.539000 0.709979
0.540000 0.717026
0.541000 0.717877
0.542000 0.728112
0.543000 0.727709
0.544000 0.727378
0.545000 0.737264
0.546000 0.739548
0.547000 0.750449
0.548000 0.753009
0.549000 0.758927
0.550000 0.756998
0.551000 0.755712
0.552000 0.762511
0.553000 0.758780
0.554000 0.760149
0.555000 0.752276
0.556000 0.755254
0.557000 0.764419
0.558000 0.770574
0.559000 0.774526
0.560000 0.770481
0.561000 0.765167
0.562000 0.767477
0.563000 0.768190
0.564000 0.768105
0.565000 0.766327
0.566000 0.770609
0.567000 0.764784
0.568000 0.774648
0.569000 0.772204
0.570000 0.769945
0.571000 0.771095
0.572000 0.771733
0.573000 0.773102
0.574000 0.777742
0.575000 0.776198
0.576000 0.771408
0.577000 0.768578
0.578000 0.773999
0.579000 0.774145
0.580000 0.770336
0.581000 0.771322
0.582000 0.779242
0.583000 0.772276
0.584000 0.769962
0.585000 0.769924
0.586000 0.772104
0.587000 0.770169
0.588000 0.769099
0.589000 0.768396
0.590000 0.777820
0.591000 0.783842
0.592000 0.786163
0.593000 0.798917
0.594000 0.796895
0.595000 0.794981
0.596000 0.792939
0.597000 0.790166
0.598000 0.785603
0.599000 0.786514
0.600000 0.789804
0.601000 0.797147
0.602000 0.799775
0.603000 0.797997
0.604000 0.796129
0.605000 0.804840
0.606000 0.807831
0.607000 0.807627
0.608000 0.810048
0.609000 0.811012
0.610000 0.816807
0.611000 0.816303
0.612000 0.825129
0.613000 0.827579
0.614000 0.825359
0.615000 0.828416
0.616000 0.823997
0.617000 0.827982
0.618000 0.824165
0.619000 0.827767
0.620000 0.831438
0.621000 0.834151
0.622000 0.833292
0.623000 0.831533
0.624000 0.835276
0.625000 0.834514
0.626000 0.836717
0.627000 0.838366
0.628000 0.843219
0.629000 0.841187
0.630000 0.842395
0.631000 0.837456
0.632000 0.839732
0.633000 0.839316
0.634000 0.838513
0.635000 0.841530
0.636000 0.837483
0.637000 0.843263
0.638000 0.848863
0.639000 0.845614
0.640000 0.846456
0.641000 0.842899
0.642000 0.846391
0.643000 0.839438
0.644000 0.846289
0.645000 0.851415
0.646000 0.854631
0.647000 0.857138
0.648000 0.859526
0.649000 0.865714
0.650000 0.866701
0.651000 0.865416
0.652000 0.871617
0.653000 0.876176
0.654000 0.871245
0.655000 0.867736
0.656000 0.872848
0.657000 0.877989
0.658000 0.877466
0.659000 0.874272
0.660000 0.883632
0.661000 0.888275
0.662000 0.889713
0.663000 0.893266
0.664000 0.904766
0.665000 0.908652
0.666000 0.904626
0.667000 0.912801
0.668000 0.913189
0.669000 0.913344
0.670000 0.908604
0.671000 0.913279
0.672000 0.909578
0.673000 0.906489
0.674000 0.902654
0.675000 0.901353
0.676000 0.908532
0.677000 0.909438
0.678000 0.911660
0.679000 0.916783
0.680000 0.911548
0.681000 0.908527
0.682000 0.908586
0.683000 0.914910
0.684000 0.911710
0.685000 0.908006
0.686000 0.904379
0.687000 0.906504
0.688000 0.906680
0.689000 0.912722
0.690000 0.913424
0.691000 0.912548
0.692000 0.913224
0.693000 0.910482
0.694000 0.901548
0.695000 0.901318
0.696000 0.902231
0.697000 0.906660
0.698000 0.907482
0.699000 0.911062
0.700000 0.916493
0.701000 0.923080
0.702000 0.929177
0.703000 0.932446
0.704000 0.939394
0.705000 0.948638
0.706000 0.945341
0.707000 0.949227
0.708000 0.947490
0.709000 0.947800
0.710000 0.949647
0.711000 0.947989
0.712000 0.951410
0.713000 0.948213
0.714000 0.951257
0.715000 0.961515
0.716000 0.967395
0.717000 0.967889
0.718000 0.981509
0.719000 0.983564
0.720000 0.979674
0.721000 0.978904
0.722000 0.972360
0.723000 0.969809
0.724000 0.962720
0.725000 0.964368
0.726000 0.958036
0.727000 0.959597
0.728000 0.961167
0.729000 0.964154
0.730000 0.962801
0.731000 0.966623
0.732000 0.976584
0.733000 0.978364
0.734000 0.978480
0.735000 0.976466
0.736000 0.983263
0.737000 0.987047
0.738000 0.986372
0.739000 0.992173
0.740000 0.995728
0.741000 0.989906
0.742000 0.989392
0.743000 0.989274
0.744000 0.999402
0.745000 1.000891
0.746000 1.004823
0.747000 1.007551
0.748000 1.006027
0.749000 1.006295
0.750000 1.003123
0.751000 0.999805
0.752000 1.005240
0.753000 1.009859
0.754000 1.008821
0.755000 1.009738
0.756000 1.008234
0.757000 1.009972
0.758000 1.008475
0.759000 1.013266
0.760000 1.013030
0.761000 1.015449
0.762000 1.013795
0.763000 1.019966
0.764000 1.017478
0.765000 1.016867
0.766000 1.011467
0.767000 1.007282
0.768000 1.010043
0.769000 1.010634
0.770000 1.012462
0.771000 1.018810
0.772000 1.030118
0.773000 1.030363
0.774000 1.032716
0.775000 1.036419
0.776000 1.038673
0.777000 1.038757
0.778000 1.034044
0.779000 1.025119
0.780000 1.027630
0.781000 1.022503
0.782000 1.018703
0.783000 1.021704
0.784000 1.022822
0.785000 1.026990
0.786000 1.036230
0.787000 1.039609
0.788000 1.042115
0.789000 1.041233
0.790000 1.043173
0.791000 1.043500
0.792000 1.050486
0.793000 1.044226
0.794000 1.046491
0.795000 1.043193
0.796000 1.045852
0.797000 1.043630
0.798000 1.049346
0.799000 1.057624
0.800000 1.065699
0.801000 1.061690
0.802000 1.064598
0.803000 1.066614
0.804000 1.060877
0.805000 1.059467
0.806000 1.061558
0.807000 1.050612
0.808000 1.055030
0.809000 1.061361
0.810000 1.064358
0.811000 1.067145
0.812000 1.063460
0.813000 1.069232
0.814000 1.073807
0.815000 1.084057
0.816000 1.085576
0.817000 1.093537
0.818000 1.096462
0.819000 1.103492
0.820000 1.099190
0.821000 1.099458
0.822000 1.098870
0.823000 1.104391
0.824000 1.107740
0.825000 1.106777
0.826000 1.104875
0.827000 1.104740
0.828000 1.104364
0.829000 1.103250
0.830000 1.101645
0.831000 1.100653
0.832000 1.102521
0.833000 1.097871
0.834000 1.099306
0.835000 1.102823
0.836000 1.108027
0.837000 1.110972
0.838000 1.113165
0.839000 1.115985
0.840000 1.120537
0.841000 1.118952
0.842000 1.123418
0.843000 1.122867
0.844000 1.125932
0.845000 1.119980
0.846000 1.126975
0.847000 1.123057
0.848000 1.120321
0.849000 1.123901
0.850000 1.129384
0.851000 1.136172
0.852000 1.139650
0.853000 1.152416
0.854000 1.148704
0.855000 1.144573
0.856000 1.147422
0.857000 1.148071
0.858000 1.150115
0.859000 1.160130
0.860000 1.156582
0.861000 1.157555
0.862000 1.157551
0.863000 1.156526
0.864000 1.157561
0.865000 1.153291
0.866000 1.160323
0.867000 1.172805
0.868000 1.174354
0.869000 1.176256
0.870000 1.181646
0.871000 1.180734
0.872000 1.185272
0.873000 1.192192
0.874000 1.195797
0.875000 1.197040
0.876000 1.195377
0.877000 1.202853
0.878000 1.206456
0.879000 1.205296
0.880000 1.210155
0.881000 1.208672
0.882000 1.202916
0.883000 1.210501
0.884000 1.210512
0.885000 1.213142
0.886000 1.215200
0.887000 1.209978
0.888000 1.210030
0.889000 1.217134
0.890000 1.223041
0.891000 1.220189
0.892000 1.215547
0.893000 1.213992
0.894000 1.212595
0.895000 1.212166
0.896000 1.216822
0.897000 1.214702
0.898000 1.219827
0.899000 1.213964
0.900000 1.219036
0.901000 1.219024
0.902000 1.219791
0.903000 1.222345
0.904000 1.224258
0.905000 1.226987
0.906000 1.227050
0.907000 1.231656
0.908000 1.230100
0.909000 1.238763
0.910000 1.240002
0.911000 1.252395
0.912000 1.253550
0.913000 1.250308
0.914000 1.253537
0.915000 1.255950
0.916000 1.255401
0.917000 1.248639
0.918000 1.247047
0.919000 1.246533
0.920000 1.245001
0.921000 1.244372
0.922000 1.246878
0.923000 1.252163
0.924000 1.256074
0.925000 1.258913
0.926000 1.257213
0.927000 1.251163
0.928000 1.256117
0.929000 1.259155
0.930000 1.263044
0.931000 1.260147
0.932000 1.256405
0.933000 1.260209
0.934000 1.267193
0.935000 1.269983
0.936000 1.270364
0.937000 1.271699
0.938000 1.275124
0.939000 1.278096
0.940000 1.278117
0.941000 1.268895
0.942000 1.272959
0.943000 1.272470
0.944000 1.270617
0.945000 1.270947
0.946000 1.272082
0.947000 1.266001
0.948000 1.264780
0.949000 1.271328
0.950000 1.283321
0.951000 1.283985
0.952000 1.288410
0.953000 1.299214
0.954000 1.303688
0.955000 1.307062
0.956000 1.306474
0.957000 1.299567
0.958000 1.300180
0.959000 1.299191
0.960000 1.300633
0.961000 1.303523
0.962000 1.302725
0.963000 1.304583
0.964000 1.310972
0.965000 1.312694
0.966000 1.313837
0.967000 1.307124
0.968000 1.307020
0.969000 1.309809
0.970000 1.318801
0.971000 1.324997
0.972000 1.331222
0.973000 1.328884
0.974000 1.329332
0.975000 1.329847
0.976000 1.330390
0.977000 1.332184
0.978000 1.331695
0.979000 1.329858
0.980000 1.336964
0.981000 1.335133
0.982000 1.331261
0.983000 1.328770
0.984000 1.332263
0.985000 1.337101
0.986000 1.343134
0.987000 1.346304
0.988000 1.342842
0.989000 1.337585
0.990000 1.342017
0.991000 1.348152
0.992000 1.354708
0.993000 1.363441
0.994000 1.359838
0.995000 1.359686
0.996000 1.356893
0.997000 1.352324
0.998000 1.354198
0.999000 1.354705
1.000000 1.350201
1.001000 1.358220
1.002000 1.356904
1.003000 1.354675
1.004000 1.356256
1.005000 1.353900
1.006000 1.361445
1.007000 1.367244
1.008000 1.367932
1.009000 1.377347
1.010000 1.376335
1.011000 1.376545
1.012000 1.374110
1.013000 1.386874
1.014000 1.385824
1.015000 1.388335
1.016000 1.393688
1.017000 1.393764
1.018000 1.394465
1.019000 1.398914
1.020000 1.402039
1.021000 1.409511
1.022000 1.413585
1.023000 1.405241
1.024000 1.406067
1.025000 1.410665
1.026000 1.411865
1.027000 1.413687
1.028000 1.424942
1.029000 1.417583
1.030000 1.417573
1.031000 1.420272
1.032000 1.418783
1.033000 1.419621
1.034000 1.419213
1.035000 1.425760
1.036000 1.419565
1.037000 1.424778
1.038000 1.423320
1.039000 1.429918
1.040000 1.427697
1.041000 1.430004
1.042000 1.430872
1.043000 1.428563
1.044000 1.439656
1.045000 1.441674
1.046000 1.439651
1.047000 1.439024
1.048000 1.439867
1.049000 1.443091
1.050000 1.442419
1.051000 1.442950
1.052000 1.443044
1.053000 1.447674
1.054000 1.450225
1.055000 1.447213
1.056000 1.453583
1.057000 1.456221
1.058000 1.451910
1.059000 1.451912
1.060000 1.453281
1.061000 1.457885
1.062000 1.451371
1.063000 1.456768
1.064000 1.462405
1.065000 1.460395
1.066000 1.463365
1.067000 1.465871
1.068000 1.464011
1.069000 1.468173
1.070000 1.465645
1.071000 1.466550
1.072000 1.469985
1.073000 1.469127
1.074000 1.470258
1.075000 1.471767
1.076000 1.474187
1.077000 1.476459
1.078000 1.480113
1.079000 1.485458
1.080000 1.489121
1.081000 1.492676
1.082000 1.495568
1.083000 1.493095
1.084000 1.492279
1.085000 1.492754
1.086000 1.493219
1.087000 1.493315
1.088000 1.488286
1.089000 1.482779
1.090000 1.492442
1.091000 1.492384
1.092000 1.489911
1.093000 1.490370
1.094000 1.487553
1.095000 1.484299
1.096000 1.485981
1.097000 1.483375
1.098000 1.490282
1.099000 1.495276
1.100000 1.496904
1.101000 1.493414
1.102000 1.487203
1.103000 1.488332
1.104000 1.489634
1.105000 1.494781
1.106000 1.491071
1.107000 1.496214
1.108000 1.492073
1.109000 1.497023
1.110000 1.500071
1.111000 1.500523
1.112000 1.503914
1.113000 1.500221
1.114000 1.510649
1.115000 1.511588
1.116000 1.513031
1.117000 1.507259
1.118000 1.512619
1.119000 1.517636
1.120000 1.525476
1.121000 1.528591
1.122000 1.524973
1.123000 1.530649
1.124000 1.536238
1.125000 1.533167
1.126000 1.537235
1.127000 1.533444
1.128000 1.531528
1.129000 1.529198
1.130000 1.535332
1.131000 1.539429
1.132000 1.533713
1.133000 1.536574
1.134000 1.533076
1.135000 1.527998
1.136000 1.531398
1.137000 1.537788
1.138000 1.541645
1.139000 1.540642
1.140000 1.542355
1.141000 1.545810
1.142000 1.543873
1.143000 1.547425
1.144000 1.550552
1.145000 1.549706
1.146000 1.549273
1.147000 1.551145
1.148000 1.560289
1.149000 1.552504
1.150000 1.557523
1.151000 1.568565
1.152000 1.568523
1.153000 1.570939
1.154000 1.567469
1.155000 1.568004
1.156000 1.569585
1.157000 1.576064
1.158000 1.572373
1.159000 1.571301
1.160000 1.571872
1.161000 1.571799
1.162000 1.575813
1.163000 1.572226
1.164000 1.571306
1.165000 1.573919
1.166000 1.571529
1.167000 1.572651
1.168000 1.572363
1.169000 1.574723
1.170000 1.574082
1.171000 1.574839
1.172000 1.579265
1.173000 1.574408
1.174000 1.578788
1.175000 1.582052
1.176000 1.584974
1.177000 1.585552
1.178000 1.592809
1.179000 1.592182
1.180000 1.593680
1.181000 1.604208
1.182000 1.602309
1.183000 1.608461
1.184000 1.613340
1.185000 1.619912
1.186000 1.621184
1.187000 1.621057
1.188000 1.624471
1.189000 1.628318
1.190000 1.626869
1.191000 1.622965
1.192000 1.622954
1.193000 1.623845
1.194000 1.622124
1.195000 1.620044
1.196000 1.624713
1.197000 1.627976
1.198000 1.633097
1.199000 1.635111
1.200000 1.639369
1.201000 1.646064
1.202000 1.651506
1.203000 1.655072
1.204000 1.660446
1.205000 1.665607
1.206000 1.667389
1.207000 1.668111
1.208000 1.666923
1.209000 1.667506
1.210000 1.671017
1.211000 1.676084
1.212000 1.681324
1.213000 1.673380
1.214000 1.676237
1.215000 1.682512
1.216000 1.684107
1.217000 1.691759
1.218000 1.690530
1.219000 1.698743
1.220000 1.703191
1.221000 1.704733
1.222000 1.708768
1.223000 1.706851
1.224000 1.707153
1.225000 1.705334
1.226000 1.697256
1.227000 1.698397
1.228000 1.704194
1.229000 1.700304
1.230000 1.698839
1.231000 1.700295
1.232000 1.695310
1.233000 1.696776
1.234000 1.695414
1.235000 1.699558
1.236000 1.708973
1.237000 1.716016
1.238000 1.713954
1.239000 1.713969
1.240000 1.720283
1.241000 1.716439
1.242000 1.717566
1.243000 1.716189
1.244000 1.724042
1.245000 1.730032
1.246000 1.739900
1.247000 1.737854
1.248000 1.740833
1.249000 1.733490
1.250000 1.735002
1.251000 1.736324
1.252000 1.735849
1.253000 1.741882
1.254000 1.748574
1.255000 1.753727
1.256000 1.753305
1.257000 1.757126
1.258000 1.752820
1.259000 1.749909
1.260000 1.749211
1.261000 1.752244
1.262000 1.754030
1.263000 1.752772
1.264000 1.754260
1.265000 1.752757
1.266000 1.756318
1.267000 1.761394
1.268000 1.771572
1.269000 1.779325
1.270000 1.779781
1.271000 1.784661
1.272000 1.783725
1.273000 1.793014
1.274000 1.800518
1.275000 1.802417
1.276000 1.804710
1.277000 1.801001
1.278000 1.800614
1.279000 1.796220
1.280000 1.801818
1.281000 1.806561
1.282000 1.802578
1.283000 1.799365
1.284000 1.797751
1.285000 1.797828
1.286000 1.798795
1.287000 1.804266
1.288000 1.806472
1.289000 1.804747
1.290000 1.803236
1.291000 1.803651
1.292000 1.809057
1.293000 1.811326
1.294000 1.812624
1.295000 1.824049
1.296000 1.823304
1.297000 1.827142
1.298000 1.824095
1.299000 1.822757
1.300000 1.827256
1.301000 1.831245
1.302000 1.839652
1.303000 1.835587
1.304000 1.829442
1.305000 1.825755
1.306000 1.825856
1.307000 1.826142
1.308000 1.825986
1.309000 1.829463
1.310000 1.829612
1.311000 1.832902
1.312000 1.839691
1.313000 1.842682
1.314000 1.846723
1.315000 1.852823
1.316000 1.850274
1.317000 1.857541
1.318000 1.862515
1.319000 1.860093
1.320000 1.861621
1.321000 1.858805
1.322000 1.865307
1.323000 1.866879
1.324000 1.870102
1.325000 1.881421
1.326000 1.877301
1.327000 1.876798
1.328000 1.876095
1.329000 1.879181
1.330000 1.871938
1.331000 1.873302
1.332000 1.871073
1.333000 1.876261
1.334000 1.872927
1.335000 1.875091
1.336000 1.876105
1.337000 1.879479
1.338000 1.878494
1.339000 1.875486
1.340000 1.874762
1.341000 1.881002
1.342000 1.883104
1.343000 1.880459
1.344000 1.884470
1.345000 1.880183
1.346000 1.888357
1.347000 1.886030
1.348000 1.880283
1.349000 1.879632
1.350000 1.883458
1.351000 1.878524
1.352000 1.885615
1.353000 1.895415
1.354000 1.894588
1.355000 1.898010
1.356000 1.901691
1.357000 1.907287
1.358000 1.906090
1.359000 1.908584
1.360000 1.910310
1.361000 1.906314
1.362000 1.906722
1.363000 1.901096
1.364000 1.900926
1.365000 1.903037
1.366000 1.899201
1.367000 1.892929
1.368000 1.895338
1.369000 1.899041
1.370000 1.896433
1.371000 1.902584
1.372000 1.907404
1.373000 1.910331
1.374000 1.907952
1.375000 1.904587
1.376000 1.905614
1.377000 1.900895
1.378000 1.907233
1.379000 1.913658
1.380000 1.915382
1.381000 1.918767
1.382000 1.923465
1.383000 1.922031
1.384000 1.923926
1.385000 1.929561
1.386000 1.927708
1.387000 1.922911
1.388000 1.928423
1.389000 1.938389
1.390000 1.941346
1.391000 1.942678
1.392000 1.938441
1.393000 1.941268
1.394000 1.935546
1.395000 1.934947
1.396000 1.936794
1.397000 1.937154
1.398000 1.935384
1.399000 1.934020
1.400000 1.936346
1.401000 1.933492
1.402000 1.940828
1.403000 1.940960
1.404000 1.941878
1.405000 1.941698
1.406000 1.946047
1.407000 1.942988
1.408000 1.945005
1.409000 1.952891
1.410000 1.956766
1.411000 1.958217
1.412000 1.961061
1.413000 1.962485
1.414000 1.961116
1.415000 1.959768
1.416000 1.962965
1.417000 1.957459
1.418000 1.960281
1.419000 1.956755
1.420000 1.962259
1.421000 1.961077
1.422000 1.962132
1.423000 1.960674
1.424000 1.967324
1.425000 1.955151
1.426000 1.957525
1.427000 1.960609
1.428000 1.962581
1.429000 1.965765
1.430000 1.960094
1.431000 1.962287
1.432000 1.974515
1.433000 1.978834
1.434000 1.981604
1.435000 1.985903
1.436000 1.987503
1.437000 1.994816
1.438000 1.989379
1.439000 1.986217
1.440000 1.992303
1.441000 1.993669
1.442000 2.000009
1.443000 2.003417
1.444000 1.993292
1.445000 2.001223
1.446000 2.003085
1.447000 2.009667
1.448000 2.010250
1.449000 2.011065
1.450000 2.009022
1.451000 2.010192
1.452000 2.015022
1.453000 2.020152
1.454000 2.017365
1.455000 2.022897
1.456000 2.019377
1.457000 2.019119
1.458000 2.016527
1.459000 2.017632
1.460000 2.010038
1.461000 2.014441
1.462000 2.011465
1.463000 2.014769
1.464000 2.025113
1.465000 2.025526
1.466000 2.028509
1.467000 2.027570
1.468000 2.037448
1.469000 2.035075
1.470000 2.035389
1.471000 2.039198
1.472000 2.042852
1.473000 2.047191
1.474000 2.058906
1.475000 2.058554
1.476000 2.067957
1.477000 2.062784
1.478000 2.059198
1.479000 2.063172
1.480000 2.063493
1.481000 2.065570
1.482000 2.062459
1.483000 2.064077
1.484000 2.067203
1.485000 2.062410
1.486000 2.069514
1.487000 2.065523
1.488000 2.063145
1.489000 2.055620
1.490000 2.060887
1.491000 2.061920
1.492000 2.072398
1.493000 2.073180
1.494000 2.078162
1.495000 2.074619
1.496000 2.078594
1.497000 2.081530
1.498000 2.074275
1.499000 2.078123
1.500000 2.081245
1.501000 2.080539
1.502000 2.083579
1.503000 2.091577
1.504000 2.095036
1.505000 2.101337
1.506000 2.100923
1.507000 2.101502
1.508000 2.099542
1.509000 2.093074
1.510000 2.089972
1.511000 2.105487
1.512000 2.110490
1.513000 2.107875
1.514000 2.107680
1.515000 2.113581
1.516000 2.116845
1.517000 2.102333
1.518000 2.099432
1.519000 2.096774
1.520000 2.102578
1.521000 2.101587
1.522000 2.101489
1.523000 2.110243
1.524000 2.112852
1.525000 2.112689
1.526000 2.113235
1.527000 2.115354
1.528000 2.127266
1.529000 2.125863
1.530000 2.126586
1.531000 2.132563
1.532000 2.129423
1.533000 2.134770
1.534000 2.135706
1.535000 2.141343
1.536000 2.145123
1.537000 2.142753
1.538000 2.144917
1.539000 2.147668
1.540000 2.148355
1.541000 2.155713
1.542000 2.155950
1.543000 2.158168
1.544000 2.162455
1.545000 2.165452
1.546000 2.168611
1.547000 2.173185
1.548000 2.178616
1.549000 2.178786
1.550000 2.176027
1.551000 2.173808
1.552000 2.170890
1.553000 2.171942
1.554000 2.176100
1.555000 2.177897
1.556000 2.178467
1.557000 2.172661
1.558000 2.180553
1.559000 2.183436
1.560000 2.185406
1.561000 2.188083
1.562000 2.194357
1.563000 2.192660
1.564000 2.192124
1.565000 2.184633
1.566000 2.193228
1.567000 2.196836
1.568000 2.197211
1.569000 2.195747
1.570000 2.203134
1.571000 2.197658
1.572000 2.214035
1.573000 2.211670
1.574000 2.216209
1.575000 2.210134
1.576000 2.217768
1.577000 2.223630
1.578000 2.236705
1.579000 2.231720
1.580000 2.231056
1.581000 2.233717
1.582000 2.239455
1.583000 2.240842
1.584000 2.247230
1.585000 2.244970
1.586000 2.238916
1.587000 2.235837
1.588000 2.239181
1.589000 2.237642
1.590000 2.235938
1.591000 2.243383
1.592000 2.243194
1.593000 2.238526
1.594000 2.238268
1.595000 2.236453
1.596000 2.236565
1.597000 2.233007
1.598000 2.232531
1.599000 2.225558
1.600000 2.227345
1.601000 2.226542
1.602000 2.227361
1.603000 2.234790
1.604000 2.229068
1.605000 2.231095
1.606000 2.233317
1.607000 2.240779
1.608000 2.239038
1.609000 2.236713
1.610000 2.238799
1.611000 2.240969
1.612000 2.252796
1.613000 2.259803
1.614000 2.267014
1.615000 2.259640
1.616000 2.263587
1.617000 2.266446
1.618000 2.266945
1.619000 2.275552
1.620000 2.270591
1.621000 2.268588
1.622000 2.273171
1.623000 2.270659
1.624000 2.269962
1.625000 2.277199
1.626000 2.271865
1.627000 2.274793
1.628000 2.278028
1.629000 2.281304
1.630000 2.283096
1.631000 2.277671
1.632000 2.280619
1.633000 2.281060
1.634000 2.290580
1.635000 2.286522
1.636000 2.286246
1.637000 2.282694
1.638000 2.287712
1.639000 2.291438
1.640000 2.296406
1.641000 2.293230
1.642000 2.291397
1.643000 2.296156
1.644000 2.300267
1.645000 2.303055
1.646000 2.297883
1.647000 2.300261
1.648000 2.305294
1.649000 2.306474
1.650000 2.309396
1.651000 2.317962
1.652000 2.319744
1.653000 2.317826
1.654000 2.314984
1.655000 2.310161
1.656000 2.315514
1.657000 2.318124
1.658000 2.319709
1.659000 2.315900
1.660000 2.311497
1.661000 2.315108
1.662000 2.323610
1.663000 2.325535
1.664000 2.328120
1.665000 2.329026
1.666000 2.327236
1.667000 2.336099
1.668000 2.346352
1.669000 2.349238
1.670000 2.360462
1.671000 2.357738
1.672000 2.364156
1.673000 2.362522
1.674000 2.369368
1.675000 2.371258
1.676000 2.374011
1.677000 2.372581
1.678000 2.372059
1.679000 2.376453
1.680000 2.379816
1.681000 2.383924
1.682000 2.380040
1.683000 2.381351
1.684000 2.379131
1.685000 2.385524
1.686000 2.386634
1.687000 2.387685
1.688000 2.385026
1.689000 2.384924
1.690000 2.392708
1.691000 2.398286
1.692000 2.396238
1.693000 2.398596
1.694000 2.405996
1.695000 2.406599
1.696000 2.407700
1.697000 2.405453
1.698000 2.411543
1.699000 2.407826
1.700000 2.409930
1.701000 2.408805
1.702000 2.413240
1.703000 2.412900
1.704000 2.419562
1.705000 2.418698
1.706000 2.420883
1.707000 2.418107
1.708000 2.417441
1.709000 2.412285
1.710000 2.412078
1.711000 2.409203
1.712000 2.410639
1.713000 2.404687
1.714000 2.407500
1.715000 2.409690
1.716000 2.412320
1.717000 2.415830
1.718000 2.419182
1.719000 2.418322
1.720000 2.416759
1.721000 2.416533
1.722000 2.408985
1.723000 2.407183
1.724000 2.406739
1.725000 2.407702
1.726000 2.415517
1.727000 2.413222
1.728000 2.416015
1.729000 2.416279
1.730000 2.418260
1.731000 2.419257
1.732000 2.421148
1.733000 2.424807
1.734000 2.434692
1.735000 2.438803
1.736000 2.439405
1.737000 2.443831
1.738000 2.449412
1.739000 2.445620
1.740000 2.445175
1.741000 2.453490
1.742000 2.447942
1.743000 2.447891
1.744000 2.449571
1.745000 2.446017
1.746000 2.448039
1.747000 2.448903
1.748000 2.452891
1.749000 2.459352
1.750000 2.458245
1.751000 2.456829
1.752000 2.460213
1.753000 2.457164
1.754000 2.462480
1.755000 2.463372
1.756000 2.463383
1.757000 2.464225
1.758000 2.474238
1.759000 2.481472
1.760000 2.480160
1.761000 2.485399
1.762000 2.480562
1.763000 2.478172
1.764000 2.478379
1.765000 2.475545
1.766000 2.482817
1.767000 2.489638
1.768000 2.493500
1.769000 2.494594
1.770000 2.495072
1.771000 2.499607
1.772000 2.505730
1.773000 2.505526
1.774000 2.496448
1.775000 2.495834
1.776000 2.496639
1.777000 2.495500
1.778000 2.506779
1.779000 2.501971
1.780000 2.504648
1.781000 2.505328
1.782000 2.507428
1.783000 2.504858
1.784000 2.504969
1.785000 2.508954
1.786000 2.509854
1.787000 2.515425
1.788000 2.513795
1.789000 2.510906
1.790000 2.515534
1.791000 2.510807
1.792000 2.516759
1.793000 2.519920
1.794000 2.519736
1.795000 2.523389
1.796000 2.527507
1.797000 2.535059
1.798000 2.535598
1.799000 2.541227
1.800000 2.541834
1.801000 2.538850
1.802000 2.529170
1.803000 2.534381
1.804000 2.535286
1.805000 2.533797
1.806000 2.534716
1.807000 2.539633
1.808000 2.536633
1.809000 2.534899
1.810000 2.537707
1.811000 2.534386
1.812000 2.529949
1.813000 2.528552
1.814000 2.532304
1.815000 2.532366
1.816000 2.533582
1.817000 2.533084
1.818000 2.541637
1.819000 2.543543
1.820000 2.548700
1.821000 2.551905
1.822000 2.554364
1.823000 2.564120
1.824000 2.560176
1.825000 2.560432
1.826000 2.562047
1.827000 2.563957
1.828000 2.568622
1.829000 2.566579
1.830000 2.562654
1.831000 2.563892
1.832000 2.566341
1.833000 2.566353
1.834000 2.567673
1.835000 2.572338
1.836000 2.568768
1.837000 2.577378
1.838000 2.577910
1.839000 2.581203
1.840000 2.585995
1.841000 2.590900
1.842000 2.593783
1.843000 2.600638
1.844000 2.604184
1.845000 2.599729
1.846000 2.601378
1.847000 2.604863
1.848000 2.607680
1.849000 2.612934
1.850000 2.612292
1.851000 2.607489
1.852000 2.613628
1.853000 2.623653
1.854000 2.623271
1.855000 2.623012
1.856000 2.621564
1.857000 2.617901
1.858000 2.613270
1.859000 2.619146
1.860000 2.619103
1.861000 2.624054
1.862000 2.625900
1.863000 2.625379
1.864000 2.621987
1.865000 2.628492
1.866000 2.628380
1.867000 2.634120
1.868000 2.640460
1.869000 2.643805
1.870000 2.647508
1.871000 2.652248
1.872000 2.652055
1.873000 2.652676
1.874000 2.663388
1.875000 2.657151
1.876000 2.659029
1.877000 2.660250
1.878000 2.659622
1.879000 2.667189
1.880000 2.676086
1.881000 2.673169
1.882000 2.671213
1.883000 2.664983
1.884000 2.665570
1.885000 2.668090
1.886000 2.668842
1.887000 2.669752
1.888000 2.665786
1.889000 2.661574
1.890000 2.660084
1.891000 2.664715
1.892000 2.668947
1.893000 2.664753
1.894000 2.661955
1.895000 2.669375
1.896000 2.670465
1.897000 2.671233
1.898000 2.676989
1.899000 2.675951
1.900000 2.673056
1.901000 2.676081
1.902000 2.665964
1.903000 2.667483
1.904000 2.672598
1.905000 2.676471
1.906000 2.675077
1.907000 2.675447
1.908000 2.677896
1.909000 2.672403
1.910000 2.684877
1.911000 2.685199
1.912000 2.683171
1.913000 2.686387
1.914000 2.687064
1.915000 2.684253
1.916000 2.686928
1.917000 2.692246
1.918000 2.696530
1.919000 2.702655
1.920000 2.702661
1.921000 2.711865
1.922000 2.708551
1.923000 2.713201
1.924000 2.714454
1.925000 2.719013
1.926000 2.718955
1.927000 2.720558
1.928000 2.734607
1.929000 2.735041
1.930000 2.735650
1.931000 2.736109
1.932000 2.736032
1.933000 2.736476
1.934000 2.741890
1.935000 2.748479
1.936000 2.751651
1.937000 2.751288
1.938000 2.745514
1.939000 2.742662
1.940000 2.744805
1.941000 2.738492
1.942000 2.745087
1.943000 2.743101
1.944000 2.737414
1.945000 2.739552
1.946000 2.738459
1.947000 2.740310
1.948000 2.732507
1.949000 2.726278
1.950000 2.737377
1.951000 2.746915
1.952000 2.746380
1.953000 2.746510
1.954000 2.750133
1.955000 2.757411
1.956000 2.763534
1.957000 2.768370
1.958000 2.775831
1.959000 2.777780
1.960000 2.771509
1.961000 2.775570
1.962000 2.776900
1.963000 2.774721
1.964000 2.777753
1.965000 2.781512
1.966000 2.785885
1.967000 2.783648
1.968000 2.783841
1.969000 2.781525
1.970000 2.787858
1.971000 2.790989
1.972000 2.786732
1.973000 2.782825
1.974000 2.787325
1.975000 2.783871
1.976000 2.782849
1.977000 2.785841
1.978000 2.789654
1.979000 2.792689
1.980000 2.796916
1.981000 2.807247
1.982000 2.806395
1.983000 2.805943
1.984000 2.812352
1.985000 2.809755
1.986000 2.809978
1.987000 2.806979
1.988000 2.806614
1.989000 2.810714
1.990000 2.807297
1.991000 2.807662
1.992000 2.803734
1.993000 2.805576
1.994000 2.811117
1.995000 2.816486
1.996000 2.815123
1.997000 2.814125
1.998000 2.812404
1.999000 2.814489
2.000000 2.820706
2.001000 2.824083
2.002000 2.823623
2.003000 2.821634
2.004000 2.820687
2.005000 2.826205
2.006000 2.833057
2.007000 2.829661
2.008000 2.828973
2.009000 2.831216
2.010000 2.838566
2.011000 2.844986
2.012000 2.846293
2.013000 2.849497
2.014000 2.854158
2.015000 2.852263
2.016000 2.847518
2.017000 2.849494
2.018000 2.848079
2.019000 2.849137
2.020000 2.845074
2.021000 2.842693
2.022000 2.846175
2.023000 2.847814
2.024000 2.854366
2.025000 2.854735
2.026000 2.853851
2.027000 2.856391
2.028000 2.856613
2.029000 2.856000
2.030000 2.858972
2.031000 2.860243
2.032000 2.863675
2.033000 2.865863
2.034000 2.874313
2.035000 2.879709
2.036000 2.882526
2.037000 2.886250
2.038000 2.891733
2.039000 2.884494
2.040000 2.886077
2.041000 2.892741
2.042000 2.894022
2.043000 2.900938
2.044000 2.906630
2.045000 2.906621
2.046000 2.910903
2.047000 2.911459
2.048000 2.908392
2.049000 2.907823
2.050000 2.906605
2.051000 2.908353
2.052000 2.908766
2.053000 2.904956
2.054000 2.903544
2.055000 2.908733
2.056000 2.910072
2.057000 2.908221
2.058000 2.903424
2.059000 2.898499
2.060000 2.904760
2.061000 2.905178
2.062000 2.912991
2.063000 2.913867
2.064000 2.921057
2.065000 2.923325
2.066000 2.930725
2.067000 2.938151
2.068000 2.944944
2.069000 2.947345
2.070000 2.943615
2.071000 2.948805
2.072000 2.954124
2.073000 2.951839
2.074000 2.954209
2.075000 2.963672
2.076000 2.963694
2.077000 2.964486
2.078000 2.969031
2.079000 2.970590
2.080000 2.971156
2.081000 2.966563
2.082000 2.963263
2.083000 2.961722
2.084000 2.964709
2.085000 2.963408
2.086000 2.966391
2.087000 2.965409
2.088000 2.969130
2.089000 2.964618
2.090000 2.971192
2.091000 2.976857
2.092000 2.977338
2.093000 2.972094
2.094000 2.967523
2.095000 2.966350
2.096000 2.969603
2.097000 2.975274
2.098000 2.980036
2.099000 2.983307
2.100000 2.985004
2.101000 2.982251
2.102000 2.981511
2.103000 2.988272
2.104000 2.992289
2.105000 2.997009
2.106000 2.991608
2.107000 2.998766
2.108000 3.002057
2.109000 3.002066
2.110000 3.002248
2.111000 3.007139
2.112000 3.001628
2.113000 3.009205
2.114000 3.009114
2.115000 3.006798
2.116000 3.010025
2.117000 3.010836
2.118000 3.011038
2.119000 3.016495
2.120000 3.018361
2.121000 3.024383
2.122000 3.029143
2.123000 3.023702
2.124000 3.023341
2.125000 3.017575
2.126000 3.021315
2.127000 3.014455
2.128000 3.016013
2.129000 3.022014
2.130000 3.026144
2.131000 3.026083
2.132000 3.026618
2.133000 3.027048
2.134000 3.032699
2.135000 3.036571
2.136000 3.043181
2.137000 3.046690
2.138000 3.046722
2.139000 3.038743
2.140000 3.042485
2.141000 3.044736
2.142000 3.048888
2.143000 3.049231
2.144000 3.054628
2.145000 3.050547
2.146000 3.053931
2.147000 3.056208
2.148000 3.063064
2.149000 3.064568
2.150000 3.067981
2.151000 3.065649
2.152000 3.062823
2.153000 3.066050
2.154000 3.074271
2.155000 3.069592
2.156000 3.066372
2.157000 3.062989
2.158000 3.059947
2.159000 3.063585
2.160000 3.070171
2.161000 3.062250
2.162000 3.061575
2.163000 3.062797
2.164000 3.063308
2.165000 3.069914
2.166000 3.074508
2.167000 3.075252
2.168000 3.083304
2.169000 3.086164
2.170000 3.085279
2.171000 3.090822
2.172000 3.096792
2.173000 3.112796
2.174000 3.115180
2.175000 3.118342
2.176000 3.127316
2.177000 3.135156
2.178000 3.139825
2.179000 3.132948
2.180000 3.137981
2.181000 3.136109
2.182000 3.143162
2.183000 3.138603
2.184000 3.140230
2.185000 3.132111
2.186000 3.137091
2.187000 3.145689
2.188000 3.150512
2.189000 3.149245
2.190000 3.156175
2.191000 3.157142
2.192000 3.158725
2.193000 3.160872
2.194000 3.157041
2.195000 3.153486
2.196000 3.157560
2.197000 3.157408
2.198000 3.161314
2.199000 3.161292
2.200000 3.152068
2.201000 3.160126
2.202000 3.162523
2.203000 3.162158
2.204000 3.163564
2.205000 3.166121
2.206000 3.163182
2.207000 3.162685
2.208000 3.162017
2.209000 3.169724
2.210000 3.176640
2.211000 3.177748
2.212000 3.182260
2.213000 3.182836
2.214000 3.185997
2.215000 3.185159
2.216000 3.187919
2.217000 3.192959
2.218000 3.199842
2.219000 3.199029
2.220000 3.195409
2.221000 3.192985
2.222000 3.196053
2.223000 3.200452
2.224000 3.199221
2.225000 3.200796
2.226000 3.196118
2.227000 3.202127
2.228000 3.202657
2.229000 3.207773
2.230000 3.206603
2.231000 3.206208
2.232000 3.207923
2.233000 3.213339
2.234000 3.213630
2.235000 3.210687
2.236000 3.212554
2.237000 3.211427
2.238000 3.213047
2.239000 3.210824
2.240000 3.213273
2.241000 3.219396
2.242000 3.217001
2.243000 3.216712
2.244000 3.214941
2.245000 3.215184
2.246000 3.210806
2.247000 3.206541
2.248000 3.208354
2.249000 3.212548
2.250000 3.214587
2.251000 3.218971
2.252000 3.222488
2.253000 3.219860
2.254000 3.226828
2.255000 3.229905
2.256000 3.239289
2.257000 3.241420
2.258000 3.238958
2.259000 3.235301
2.260000 3.236613
2.261000 3.243137
2.262000 3.246227
2.263000 3.251023
2.264000 3.254984
2.265000 3.251989
2.266000 3.252061
2.267000 3.249410
2.268000 3.252090
2.269000 3.244872
2.270000 3.253436
2.271000 3.260494
2.272000 3.262963
2.273000 3.263666
2.274000 3.267620
2.275000 3.268888
2.276000 3.272600
2.277000 3.272737
2.278000 3.277594
2.279000 3.280123
2.280000 3.282850
2.281000 3.280898
2.282000 3.284985
2.283000 3.289292
2.284000 3.289357
2.285000 3.290790
2.286000 3.288398
2.287000 3.304612
2.288000 3.299805
2.289000 3.307291
2.290000 3.310300
2.291000 3.318922
2.292000 3.315668
2.293000 3.314678
2.294000 3.313700
2.295000 3.314029
2.296000 3.311784
2.297000 3.311887
2.298000 3.317413
2.299000 3.317968
2.300000 3.307744
2.301000 3.308321
2.302000 3.305806
2.303000 3.304820
2.304000 3.305341
2.305000 3.299557
2.306000 3.296784
2.307000 3.302510
2.308000 3.302348
2.309000 3.306417
2.310000 3.310083
2.311000 3.305900
2.312000 3.299279
2.313000 3.308084
2.314000 3.313900
2.315000 3.317525
2.316000 3.311148
2.317000 3.312943
2.318000 3.310578
2.319000 3.314320
2.320000 3.312683
2.321000 3.314916
2.322000 3.319109
2.323000 3.317062
2.324000 3.318455
2.325000 3.316579
2.326000 3.315307
2.327000 3.323789
2.328000 3.335686
2.329000 3.328748
2.330000 3.321461
2.331000 3.324304
2.332000 3.329478
2.333000 3.334507
2.334000 3.329406
2.335000 3.335902
2.336000 3.334249
2.337000 3.339031
2.338000 3.344509
2.339000 3.347965
2.340000 3.347515
2.341000 3.344500
2.342000 3.341273
2.343000 3.343847
2.344000 3.345525
2.345000 3.348821
2.346000 3.350102
2.347000 3.352782
2.348000 3.353712
2.349000 3.347213
2.350000 3.360492
2.351000 3.361722
2.352000 3.358776
2.353000 3.361232
2.354000 3.364100
2.355000 3.369873
2.356000 3.370934
2.357000 3.375287
2.358000 3.378594
2.359000 3.379761
2.360000 3.384150
2.361000 3.386035
2.362000 3.389689
2.363000 3.390513
2.364000 3.404218
2.365000 3.409233
2.366000 3.405469
2.367000 3.405341
2.368000 3.414417
2.369000 3.411030
2.370000 3.406625
2.371000 3.406389
2.372000 3.402608
2.373000 3.408439
2.374000 3.396577
2.375000 3.395235
2.376000 3.399057
2.377000 3.405141
2.378000 3.402997
2.379000 3.395066
2.380000 3.396306
2.381000 3.386040
2.382000 3.392263
2.383000 3.387736
2.384000 3.389889
2.385000 3.388276
2.386000 3.376859
2.387000 3.382500
2.388000 3.389382
2.389000 3.385450
2.390000 3.386856
2.391000 3.381022
2.392000 3.385786
2.393000 3.389091
2.394000 3.397055
2.395000 3.392012
2.396000 3.395984
2.397000 3.392042
2.398000 3.391077
2.399000 3.395723
2.400000 3.394810
2.401000 3.395599
2.402000 3.391354
2.403000 3.398975
2.404000 3.404877
2.405000 3.403017
2.406000 3.404545
2.407000 3.406461
2.408000 3.405769
2.409000 3.404060
2.410000 3.406319
2.411000 3.417667
2.412000 3.415118
2.413000 3.418524
2.414000 3.417257
2.415000 3.423348
2.416000 3.426835
2.417000 3.432127
2.418000 3.433442
2.419000 3.432108
2.420000 3.428230
2.421000 3.431360
2.422000 3.429472
2.423000 3.432594
2.424000 3.432891
2.425000 3.434547
2.426000 3.440112
2.427000 3.442922
2.428000 3.443581
2.429000 3.452041
2.430000 3.457253
2.431000 3.462265
2.432000 3.461491
2.433000 3.459623
2.434000 3.459560
2.435000 3.456642
2.436000 3.459876
2.437000 3.467042
2.438000 3.468810
2.439000 3.470624
2.440000 3.468444
2.441000 3.472223
2.442000 3.476661
2.443000 3.476121
2.444000 3.474013
2.445000 3.476211
2.446000 3.479720
2.447000 3.477171
2.448000 3.478964
2.449000 3.479921
2.450000 3.479946
2.451000 3.487074
2.452000 3.485243
2.453000 3.480499
2.454000 3.483395
2.455000 3.484918
2.456000 3.487608
2.457000 3.490177
2.458000 3.493496
2.459000 3.495080
2.460000 3.499235
2.461000 3.505779
2.462000 3.504464
2.463000 3.501524
2.464000 3.498596
2.465000 3.498525
2.466000 3.504693
2.467000 3.506930
2.468000 3.501496
2.469000 3.499409
2.470000 3.499249
2.471000 3.498508
2.472000 3.503593
2.473000 3.505416
2.474000 3.502227
2.475000 3.506500
2.476000 3.513498
2.477000 3.518524
2.478000 3.521082
2.479000 3.521208
2.480000 3.515331
2.481000 3.514726
2.482000 3.512591
2.483000 3.515894
2.484000 3.515486
2.485000 3.513258
2.486000 3.515329
2.487000 3.525689
2.488000 3.521599
2.489000 3.524743
2.490000 3.525394
2.491000 3.528640
2.492000 3.527339
2.493000 3.536265
2.494000 3.540891
2.495000 3.539787
2.496000 3.547396
2.497000 3.555350
2.498000 3.554449
2.499000 3.546903
2.500000 3.538423
2.501000 3.538154
2.502000 3.538740
2.503000 3.542209
2.504000 3.543635
2.505000 3.548756
2.506000 3.550680
2.507000 3.552652
2.508000 3.559110
2.509000 3.558321
2.510000 3.560333
2.511000 3.564672
2.512000 3.565508
2.513000 3.568494
2.514000 3.572123
2.515000 3.578602
2.516000 3.584025
2.517000 3.585182
2.518000 3.578183
2.519000 3.578440
2.520000 3.584836
2.521000 3.580331
2.522000 3.576804
2.523000 3.586229
2.524000 3.593849
2.525000 3.597866
2.526000 3.596289
2.527000 3.594477
2.528000 3.596261
2.529000 3.597018
2.530000 3.601532
2.531000 3.602531
2.532000 3.604025
2.533000 3.607492
2.534000 3.613761
2.535000 3.615166
2.536000 3.611349
2.537000 3.619269
2.538000 3.625148
2.539000 3.627372
2.540000 3.626415
2.541000 3.615659
2.542000 3.618364
2.543000 3.620335
2.544000 3.618968
2.545000 3.620786
2.546000 3.614533
2.547000 3.620868
2.548000 3.622894
2.549000 3.618303
2.550000 3.618226
2.551000 3.614639
2.552000 3.614121
2.553000 3.622543
2.554000 3.626998
2.555000 3.620862
2.556000 3.621076
2.557000 3.624513
2.558000 3.623244
2.559000 3.626570
2.560000 3.623376
2.561000 3.626153
2.562000 3.626990
2.563000 3.627413
2.564000 3.623296
2.565000 3.628959
2.566000 3.628948
2.567000 3.628270
2.568000 3.623264
2.569000 3.628314
2.570000 3.627293
2.571000 3.629140
2.572000 3.626964
2.573000 3.633409
2.574000 3.635387
2.575000 3.641576
2.576000 3.642952
2.577000 3.648820
2.578000 3.654438
2.579000 3.661480
2.580000 3.662630
2.581000 3.666313
2.582000 3.666747
2.583000 3.668272
2.584000 3.671607
2.585000 3.677695
2.586000 3.685615
2.587000 3.687049
2.588000 3.685306
2.589000 3.688028
2.590000 3.686098
2.591000 3.690070
2.592000 3.689596
2.593000 3.690732
2.594000 3.697363
2.595000 3.703437
2.596000 3.703777
2.597000 3.709812
2.598000 3.713086
2.599000 3.718366
2.600000 3.723340
2.601000 3.716699
2.602000 3.716732
2.603000 3.715406
2.604000 3.706146
2.605000 3.703660
2.606000 3.704900
2.607000 3.704857
2.608000 3.707149
2.609000 3.711974
2.610000 3.715513
2.611000 3.712626
2.612000 3.717658
2.613000 3.716287
2.614000 3.713740
2.615000 3.708996
2.616000 3.712601
2.617000 3.719139
2.618000 3.725853
2.619000 3.734079
2.620000 3.737980
2.621000 3.733909
2.622000 3.744839
2.623000 3.742528
2.624000 3.750136
2.625000 3.753236
2.626000 3.758337
2.627000 3.752019
2.628000 3.761082
2.629000 3.762158
2.630000 3.770705
2.631000 3.766999
2.632000 3.767020
2.633000 3.762249
2.634000 3.771810
2.635000 3.770552
2.636000 3.774258
2.637000 3.779663
2.638000 3.775025
2.639000 3.775426
2.640000 3.774733
2.641000 3.769881
2.642000 3.774997
2.643000 3.777317
2.644000 3.789113
2.645000 3.788662
2.646000 3.795885
2.647000 3.802365
2.648000 3.799328
2.649000 3.800268
2.650000 3.807010
2.651000 3.808774
2.652000 3.803559
2.653000 3.801114
2.654000 3.803770
2.655000 3.805760
2.656000 3.807911
2.657000 3.808082
2.658000 3.810910
2.659000 3.814983
2.660000 3.813143
2.661000 3.813656
2.662000 3.816764
2.663000 3.819027
2.664000 3.818070
2.665000 3.819632
2.666000 3.818612
2.667000 3.820804
2.668000 3.823030
2.669000 3.824714
2.670000 3.825008
2.671000 3.823941
2.672000 3.820317
2.673000 3.820698
2.674000 3.824718
2.675000 3.832391
2.676000 3.837508
2.677000 3.835870
2.678000 3.843098
2.679000 3.846598
2.680000 3.848999
2.681000 3.850294
2.682000 3.851734
2.683000 3.856117
2.684000 3.856844
2.685000 3.850912
2.686000 3.852532
2.687000 3.853082
2.688000 3.852595
2.689000 3.860106
2.690000 3.861333
2.691000 3.867494
2.692000 3.867391
2.693000 3.873960
2.694000 3.877927
2.695000 3.879715
2.696000 3.877404
2.697000 3.873396
2.698000 3.873310
2.699000 3.872368
2.700000 3.871329
2.701000 3.869740
2.702000 3.875664
2.703000 3.879547
2.704000 3.882500
2.705000 3.887516
2.706000 3.894833
2.707000 3.897099
2.708000 3.906525
2.709000 3.910510
2.710000 3.909486
2.711000 3.906645
2.712000 3.905955
2.713000 3.911602
2.714000 3.912228
2.715000 3.920462
2.716000 3.912401
2.717000 3.916007
2.718000 3.918928
2.719000 3.920895
2.720000 3.917455
2.721000 3.918612
2.722000 3.916740
2.723000 3.920147
2.724000 3.916019
2.725000 3.919232
2.726000 3.925175
2.727000 3.925360
2.728000 3.927445
2.729000 3.921671
2.730000 3.926208
2.731000 3.926591
2.732000 3.939621
2.733000 3.938163
2.734000 3.935943
2.735000 3.933093
2.736000 3.929473
2.737000 3.933283
2.738000 3.936114
2.739000 3.941959
2.740000 3.944069
2.741000 3.943230
2.742000 3.951012
2.743000 3.951715
2.744000 3.942991
2.745000 3.938239
2.746000 3.940823
2.747000 3.937662
2.748000 3.944363
2.749000 3.950680
2.750000 3.955937
2.751000 3.965896
2.752000 3.971969
2.753000 3.972415
2.754000 3.974421
2.755000 3.972045
2.756000 3.964496
2.757000 3.966634
2.758000 3.968430
2.759000 3.964026
2.760000 3.963525
2.761000 3.966337
2.762000 3.970428
2.763000 3.963343
2.764000 3.963379
2.765000 3.972194
2.766000 3.975169
2.767000 3.980601
2.768000 3.984167
2.769000 3.981139
2.770000 3.979932
2.771000 3.976814
2.772000 3.978156
2.773000 3.978962
2.774000 3.983583
2.775000 3.986745
2.776000 3.991977
2.777000 3.993578
2.778000 3.989337
2.779000 3.991617
2.780000 3.992622
2.781000 3.992572
2.782000 3.990884
2.783000 3.993258
2.784000 3.989951
2.785000 3.992131
2.786000 3.991269
2.787000 3.999407
2.788000 4.000418
2.789000 4.011810
2.790000 4.011589
2.791000 4.011238
2.792000 4.013122
2.793000 4.017741
2.794000 4.020304
2.795000 4.024831
2.796000 4.027134
2.797000 4.025266
2.798000 4.026394
2.799000 4.029329
2.800000 4.031539
2.801000 4.035189
2.802000 4.038094
2.803000 4.035792
2.804000 4.036340
2.805000 4.037790
2.806000 4.033196
2.807000 4.037712
2.808000 4.038767
2.809000 4.044588
2.810000 4.037608
2.811000 4.040333
2.812000 4.038646
2.813000 4.046000
2.814000 4.052977
2.815000 4.051949
2.816000 4.046645
2.817000 4.045344
2.818000 4.046976
2.819000 4.042184
2.820000 4.046320
2.821000 4.046415
2.822000 4.053138
2.823000 4.053809
2.824000 4.056969
2.825000 4.059483
2.826000 4.064490
2.827000 4.065371
2.828000 4.062194
2.829000 4.062717
2.830000 4.068900
2.831000 4.069422
2.832000 4.071194
2.833000 4.075989
2.834000 4.074914
2.835000 4.074869
2.836000 4.078866
2.837000 4.075242
2.838000 4.071866
2.839000 4.081266
2.840000 4.084215
2.841000 4.091198
2.842000 4.092986
2.843000 4.099095
2.844000 4.102205
2.845000 4.104584
2.846000 4.113866
2.847000 4.112140
2.848000 4.116105
2.849000 4.106305
2.850000 4.111889
2.851000 4.114556
2.852000 4.114167
2.853000 4.115066
2.854000 4.122740
2.855000 4.130106
2.856000 4.126065
2.857000 4.127931
2.858000 4.121110
2.859000 4.119021
2.860000 4.118539
2.861000 4.123524
2.862000 4.129231
2.863000 4.128065
2.864000 4.128817
2.865000 4.131461
2.866000 4.133351
2.867000 4.133196
2.868000 4.137262
2.869000 4.138399
2.870000 4.141050
2.871000 4.138443
2.872000 4.135822
2.873000 4.146933
2.874000 4.144649
2.875000 4.150912
2.876000 4.151466
2.877000 4.150001
2.878000 4.149604
2.879000 4.151130
2.880000 4.152693
2.881000 4.154710
2.882000 4.157098
2.883000 4.154346
2.884000 4.157835
2.885000 4.159115
2.886000 4.165306
2.887000 4.164950
2.888000 4.165384
2.889000 4.163349
2.890000 4.174991
2.891000 4.174279
2.892000 4.171990
2.893000 4.170167
2.894000 4.174287
2.895000 4.174714
2.896000 4.179771
2.897000 4.180967
2.898000 4.189041
2.899000 4.188425
2.900000 4.190853
2.901000 4.194745
2.902000 4.189193
2.903000 4.185067
2.904000 4.177846
2.905000 4.185552
2.906000 4.184153
2.907000 4.184612
2.908000 4.187222
2.909000 4.189382
2.910000 4.185560
2.911000 4.187888
2.912000 4.185118
2.913000 4.180788
2.914000 4.180341
2.915000 4.178294
2.916000 4.187397
2.917000 4.193185
2.918000 4.194367
2.919000 4.181076
2.920000 4.182372
2.921000 4.188031
2.922000 4.189128
2.923000 4.189233
2.924000 4.190964
2.925000 4.198451
2.926000 4.199678
2.927000 4.196511
2.928000 4.192523
2.929000 4.185755
2.930000 4.183560
2.931000 4.188605
2.932000 4.192957
2.933000 4.196642
2.934000 4.201403
2.935000 4.203698
2.936000 4.200413
2.937000 4.192073
2.938000 4.199948
2.939000 4.197909
2.940000 4.199978
2.941000 4.196005
2.942000 4.192138
2.943000 4.196455
2.944000 4.191579
2.945000 4.191912
2.946000 4.188542
2.947000 4.188071
2.948000 4.188707
2.949000 4.190630
2.950000 4.188665
2.951000 4.197924
2.952000 4.196123
2.953000 4.195847
2.954000 4.194227
2.955000 4.192053
2.956000 4.193309
2.957000 4.195591
2.958000 4.203143
2.959000 4.211058
2.960000 4.212336
2.961000 4.218554
2.962000 4.220963
2.963000 4.222248
2.964000 4.220954
2.965000 4.225890
2.966000 4.227297
2.967000 4.231160
2.968000 4.226718
2.969000 4.225815
2.970000 4.226712
2.971000 4.231456
2.972000 4.233459
2.973000 4.234656
2.974000 4.238108
2.975000 4.233943
2.976000 4.237739
2.977000 4.240779
2.978000 4.236978
2.979000 4.231951
2.980000 4.232870
2.981000 4.231796
2.982000 4.228600
2.983000 4.227418
2.984000 4.230117
2.985000 4.234345
2.986000 4.234370
2.987000 4.228859
2.988000 4.226492
2.989000 4.227409
2.990000 4.223129
2.991000 4.226921
2.992000 4.224922
2.993000 4.230982
2.994000 4.241003
2.995000 4.243224
2.996000 4.245977
2.997000 4.250217
2.998000 4.257800
2.999000 4.253990
3.000000 4.257988
3.001000 4.260186
3.002000 4.261360
3.003000 4.259697
3.004000 4.262582
3.005000 4.268622
3.006000 4.268809
3.007000 4.276486
3.008000 4.279760
3.009000 4.280305
3.010000 4.282278
3.011000 4.292249
3.012000 4.287802
3.013000 4.292021
3.014000 4.297343
3.015000 4.296377
3.016000 4.298002
3.017000 4.299840
3.018000 4.299162
3.019000 4.298820
3.020000 4.291021
3.021000 4.288265
3.022000 4.301701
3.023000 4.295604
3.024000 4.300353
3.025000 4.310523
3.026000 4.325423
3.027000 4.329975
3.028000 4.323437
3.029000 4.319898
3.030000 4.316889
3.031000 4.319666
3.032000 4.328136
3.033000 4.328557
3.034000 4.332092
3.035000 4.334297
3.036000 4.338241
3.037000 4.341632
3.038000 4.343965
3.039000 4.349129
3.040000 4.349960
3.041000 4.350982
3.042000 4.353531
3.043000 4.349320
3.044000 4.352118
3.045000 4.359084
3.046000 4.364077
3.047000 4.362794
3.048000 4.363984
3.049000 4.358303
3.050000 4.358432
3.051000 4.358654
3.052000 4.362203
3.053000 4.362273
3.054000 4.367672
3.055000 4.367457
3.056000 4.363256
3.057000 4.366994
3.058000 4.368058
3.059000 4.374366
3.060000 4.368072
3.061000 4.369341
3.062000 4.367282
3.063000 4.367918
3.064000 4.373349
3.065000 4.372256
3.066000 4.371044
3.067000 4.370683
3.068000 4.376579
3.069000 4.383759
3.070000 4.373766
3.071000 4.370906
3.072000 4.372480
3.073000 4.379224
3.074000 4.379902
3.075000 4.384020
3.076000 4.381474
3.077000 4.385111
3.078000 4.389099
3.079000 4.396634
3.080000 4.404663
3.081000 4.408531
3.082000 4.408259
3.083000 4.410840
3.084000 4.411925
3.085000 4.415302
3.086000 4.411871
3.087000 4.407477
3.088000 4.414376
3.089000 4.413193
3.090000 4.417880
3.091000 4.421718
3.092000 4.418768
3.093000 4.415030
3.094000 4.415529
3.095000 4.424114
3.096000 4.423646
3.097000 4.420724
3.098000 4.419565
3.099000 4.425358
3.100000 4.431184
3.101000 4.436066
3.102000 4.430431
3.103000 4.432778
3.104000 4.432905
3.105000 4.433529
3.106000 4.434210
3.107000 4.437384
3.108000 4.441641
3.109000 4.445761
3.110000 4.447342
3.111000 4.451156
3.112000 4.447956
3.113000 4.444393
3.114000 4.450421
3.115000 4.455021
3.116000 4.455708
3.117000 4.452774
3.118000 4.454855
3.119000 4.459494
3.120000 4.458355
3.121000 4.459560
3.122000 4.471115
3.123000 4.466177
3.124000 4.466445
3.125000 4.473610
3.126000 4.470960
3.127000 4.472744
3.128000 4.471033
3.129000 4.474471
3.130000 4.476431
3.131000 4.483821
3.132000 4.495047
3.133000 4.492035
3.134000 4.499376
3.135000 4.497142
3.136000 4.502294
3.137000 4.501516
3.138000 4.512705
3.139000 4.509461
3.140000 4.512481
3.141000 4.514697
3.142000 4.522859
3.143000 4.526889
3.144000 4.526805
3.145000 4.528271
3.146000 4.526941
3.147000 4.523952
3.148000 4.532836
3.149000 4.536709
3.150000 4.536869
3.151000 4.535523
3.152000 4.533046
3.153000 4.529535
3.154000 4.533404
3.155000 4.533327
3.156000 4.530923
3.157000 4.530396
3.158000 4.534139
3.159000 4.527701
3.160000 4.526795
3.161000 4.525770
3.162000 4.527575
3.163000 4.537980
3.164000 4.527144
3.165000 4.529533
3.166000 4.527638
3.167000 4.539038
3.168000 4.534093
3.169000 4.534183
3.170000 4.528071
3.171000 4.538558
3.172000 4.538740
3.173000 4.534517
3.174000 4.535708
3.175000 4.531945
3.176000 4.525958
3.177000 4.531031
3.178000 4.537774
3.179000 4.538188
3.180000 4.547505
3.181000 4.550194
3.182000 4.548073
3.183000 4.550885
3.184000 4.552093
3.185000 4.556450
3.186000 4.554792
3.187000 4.555374
3.188000 4.554291
3.189000 4.558366
3.190000 4.557833
3.191000 4.560959
3.192000 4.567542
3.193000 4.570417
3.194000 4.573628
3.195000 4.584197
3.196000 4.586276
3.197000 4.584907
3.198000 4.589019
3.199000 4.588544
3.200000 4.594108
3.201000 4.595560
3.202000 4.597549
3.203000 4.599835
3.204000 4.604516
3.205000 4.603593
3.206000 4.606090
3.207000 4.602449
3.208000 4.601499
3.209000 4.601963
3.210000 4.601260
3.211000 4.602867
3.212000 4.609632
3.213000 4.612170
3.214000 4.613837
3.215000 4.614820
3.216000 4.616778
3.217000 4.614926
3.218000 4.617443
3.219000 4.610588
3.220000 4.605523
3.221000 4.606791
3.222000 4.609649
3.223000 4.611605
3.224000 4.615715
3.225000 4.619189
3.226000 4.623191
3.227000 4.613936
3.228000 4.612326
3.229000 4.610095
3.230000 4.608542
3.231000 4.615927
3.232000 4.619681
3.233000 4.626783
3.234000 4.630501
3.235000 4.639299
3.236000 4.643527
3.237000 4.643698
3.238000 4.640157
3.239000 4.638179
3.240000 4.643949
3.241000 4.656275
3.242000 4.652348
3.243000 4.656481
3.244000 4.653705
3.245000 4.662249
3.246000 4.664283
3.247000 4.666929
3.248000 4.675111
3.249000 4.674126
3.250000 4.677724
3.251000 4.679258
3.252000 4.682484
3.253000 4.683720
3.254000 4.681267
3.255000 4.684970
3.256000 4.683135
3.257000 4.683539
3.258000 4.689195
3.259000 4.685272
3.260000 4.680471
3.261000 4.678002
3.262000 4.679417
3.263000 4.684822
3.264000 4.689314
3.265000 4.687436
3.266000 4.687669
3.267000 4.689753
3.268000 4.690647
3.269000 4.689676
3.270000 4.688658
3.271000 4.688619
3.272000 4.678282
3.273000 4.681987
3.274000 4.680561
3.275000 4.685027
3.276000 4.688695
3.277000 4.695236
3.278000 4.694891
3.279000 4.693630
3.280000 4.696735
3.281000 4.694077
3.282000 4.700793
3.283000 4.704552
3.284000 4.708062
3.285000 4.707428
3.286000 4.700436
3.287000 4.693544
3.288000 4.694380
3.289000 4.692012
3.290000 4.692933
3.291000 4.705514
3.292000 4.713013
3.293000 4.713284
3.294000 4.708823
3.295000 4.709049
3.296000 4.714363
3.297000 4.717546
3.298000 4.723325
3.299000 4.727953
3.300000 4.722201
3.301000 4.715364
3.302000 4.716150
3.303000 4.721400
3.304000 4.717064
3.305000 4.725841
3.306000 4.727574
3.307000 4.721047
3.308000 4.721065
3.309000 4.723491
3.310000 4.730621
3.311000 4.733908
3.312000 4.737177
3.313000 4.741840
3.314000 4.740236
3.315000 4.747067
3.316000 4.745208
3.317000 4.734215
3.318000 4.736267
3.319000 4.744067
3.320000 4.740285
3.321000 4.733287
3.322000 4.741300
3.323000 4.743811
3.324000 4.748113
3.325000 4.752994
3.326000 4.744942
3.327000 4.753807
3.328000 4.759272
3.329000 4.762325
3.330000 4.752841
3.331000 4.752656
3.332000 4.755823
3.333000 4.757316
3.334000 4.761460
3.335000 4.762342
3.336000 4.766616
3.337000 4.774121
3.338000 4.780718
3.339000 4.782641
3.340000 4.781802
3.341000 4.791192
3.342000 4.799535
3.343000 4.807854
3.344000 4.808207
3.345000 4.814955
3.346000 4.815558
3.347000 4.819506
3.348000 4.828946
3.349000 4.832799
3.350000 4.834479
3.351000 4.838529
3.352000 4.840889
3.353000 4.839792
3.354000 4.849055
3.355000 4.853723
3.356000 4.851330
3.357000 4.846335
3.358000 4.840859
3.359000 4.846589
3.360000 4.849593
3.361000 4.853371
3.362000 4.860578
3.363000 4.863629
3.364000 4.868643
3.365000 4.867067
3.366000 4.863901
3.367000 4.870358
3.368000 4.870957
3.369000 4.867915
3.370000 4.874877
3.371000 4.884655
3.372000 4.886446
3.373000 4.881470
3.374000 4.886847
3.375000 4.886567
3.376000 4.885930
3.377000 4.888676
3.378000 4.882144
3.379000 4.884845
3.380000 4.885734
3.381000 4.884169
3.382000 4.881047
3.383000 4.890848
3.384000 4.897021
3.385000 4.897464
3.386000 4.902657
3.387000 4.895758
3.388000 4.888999
3.389000 4.891842
3.390000 4.893337
3.391000 4.892156
3.392000 4.897257
3.393000 4.897093
3.394000 4.892283
3.395000 4.888004
3.396000 4.888734
3.397000 4.885399
3.398000 4.878619
3.399000 4.875881
3.400000 4.886250
3.401000 4.881298
3.402000 4.880537
3.403000 4.886292
3.404000 4.885092
3.405000 4.886420
3.406000 4.885671
3.407000 4.883463
3.408000 4.885813
3.409000 4.886164
3.410000 4.887222
3.411000 4.886480
3.412000 4.889642
3.413000 4.894660
3.414000 4.894555
3.415000 4.892418
3.416000 4.893971
3.417000 4.891902
3.418000 4.897922
3.419000 4.902855
3.420000 4.902438
3.421000 4.904958
3.422000 4.908123
3.423000 4.902002
3.424000 4.903094
3.425000 4.906868
3.426000 4.903710
3.427000 4.902278
3.428000 4.907845
3.429000 4.912473
3.430000 4.914180
3.431000 4.914184
3.432000 4.917112
3.433000 4.911801
3.434000 4.909249
3.435000 4.910305
3.436000 4.907568
3.437000 4.908562
3.438000 4.912688
3.439000 4.915847
3.440000 4.920750
3.441000 4.921971
3.442000 4.924480
3.443000 4.924994
3.444000 4.923619
3.445000 4.920582
3.446000 4.925498
3.447000 4.927511
3.448000 4.930518
3.449000 4.935582
3.450000 4.934989
3.451000 4.946514
3.452000 4.944685
3.453000 4.944824
3.454000 4.946121
3.455000 4.943155
3.456000 4.944955
3.457000 4.947150
3.458000 4.947925
3.459000 4.951854
3.460000 4.953758
3.461000 4.948337
3.462000 4.951366
3.463000 4.955007
3.464000 4.954188
3.465000 4.963932
3.466000 4.969697
3.467000 4.972391
3.468000 4.974231
3.469000 4.972342
3.470000 4.973826
3.471000 4.977157
3.472000 4.977960
3.473000 4.982907
3.474000 4.983253
3.475000 4.979030
3.476000 4.978161
3.477000 4.974460
3.478000 4.969880
3.479000 4.968011
3.480000 4.972545
3.481000 4.976543
3.482000 4.978474
3.483000 4.981692
3.484000 4.984564
3.485000 4.987567
3.486000 4.989623
3.487000 4.990022
3.488000 4.991412
3.489000 4.995682
3.490000 4.994600
3.491000 5.000772
3.492000 5.003406
3.493000 5.004392
3.494000 5.017995
3.495000 5.017941
3.496000 5.018722
3.497000 5.025155
3.498000 5.030043
3.499000 5.029801
3.500000 5.036330
3.501000 5.042119
3.502000 5.045401
3.503000 5.049180
3.504000 5.048483
3.505000 5.053275
3.506000 5.046756
3.507000 5.052390
3.508000 5.045390
3.509000 5.050936
3.510000 5.052142
3.511000 5.051635
3.512000 5.050051
3.513000 5.052360
3.514000 5.057850
3.515000 5.058799
3.516000 5.058250
3.517000 5.063527
3.518000 5.065403
3.519000 5.066616
3.520000 5.063126
3.521000 5.060500
3.522000 5.062637
3.523000 5.063774
3.524000 5.072900
3.525000 5.067049
3.526000 5.075024
3.527000 5.072654
3.528000 5.076694
3.529000 5.081014
3.530000 5.073135
3.531000 5.075012
3.532000 5.072474
3.533000 5.076878
3.534000 5.077272
3.535000 5.083190
3.536000 5.086037
3.537000 5.089804
3.538000 5.092287
3.539000 5.095151
3.540000 5.101203
3.541000 5.104721
3.542000 5.113935
3.543000 5.120976
3.544000 5.127488
3.545000 5.125142
3.546000 5.122409
3.547000 5.125552
3.548000 5.121179
3.549000 5.123411
3.550000 5.125232
3.551000 5.121729
3.552000 5.117819
3.553000 5.119796
3.554000 5.120159
3.555000 5.120897
3.556000 5.115206
3.557000 5.114027
3.558000 5.117611
3.559000 5.113966
3.560000 5.111018
3.561000 5.114561
3.562000 5.118727
3.563000 5.120657
3.564000 5.123939
3.565000 5.129116
3.566000 5.122554
3.567000 5.120070
3.568000 5.122380
3.569000 5.113894
3.570000 5.116290
3.571000 5.124907
3.572000 5.120048
3.573000 5.125275
3.574000 5.127275
3.575000 5.129128
3.576000 5.130099
3.577000 5.127431
3.578000 5.130875
3.579000 5.129305
3.580000 5.129029
3.581000 5.129008
3.582000 5.135396
3.583000 5.133121
3.584000 5.134851
3.585000 5.141018
3.586000 5.140810
3.587000 5.140945
3.588000 5.145093
3.589000 5.142646
3.590000 5.143421
3.591000 5.143952
3.592000 5.137285
3.593000 5.141263
3.594000 5.141523
3.595000 5.145658
3.596000 5.144432
3.597000 5.147857
3.598000 5.145652
3.599000 5.145844
3.600000 5.145330
3.601000 5.138856
3.602000 5.148727
3.603000 5.148723
3.604000 5.159825
3.605000 5.158323
3.606000 5.163106
3.607000 5.164339
3.608000 5.167696
3.609000 5.167675
3.610000 5.165935
3.611000 5.167294
3.612000 5.173462
3.613000 5.177164
3.614000 5.178359
3.615000 5.177954
3.616000 5.183928
3.617000 5.182646
3.618000 5.187413
3.619000 5.192115
3.620000 5.198993
3.621000 5.194722
3.622000 5.195572
3.623000 5.196710
3.624000 5.207545
3.625000 5.205850
3.626000 5.204330
3.627000 5.207745
3.628000 5.207525
3.629000 5.213976
3.630000 5.209456
3.631000 5.216555
3.632000 5.217165
3.633000 5.217071
3.634000 5.213821
3.635000 5.211866
3.636000 5.215138
3.637000 5.215884
3.638000 5.216780
3.639000 5.232747
3.640000 5.233724
3.641000 5.230548
3.642000 5.228835
3.643000 5.231999
3.644000 5.237872
3.645000 5.240039
3.646000 5.245189
3.647000 5.239556
3.648000 5.237943
3.649000 5.228780
3.650000 5.229070
3.651000 5.236934
3.652000 5.231986
3.653000 5.241670
3.654000 5.237150
3.655000 5.238282
3.656000 5.234817
3.657000 5.239970
3.658000 5.240190
3.659000 5.241092
3.660000 5.247258
3.661000 5.252157
3.662000 5.252914
3.663000 5.253899
3.664000 5.248583
3.665000 5.248687
3.666000 5.248229
3.667000 5.251192
3.668000 5.256202
3.669000 5.263815
3.670000 5.269757
3.671000 5.272334
3.672000 5.280527
3.673000 5.281290
3.674000 5.275732
3.675000 5.284989
3.676000 5.281424
3.677000 5.281605
3.678000 5.287899
3.679000 5.291959
3.680000 5.298397
3.681000 5.295165
3.682000 5.292448
3.683000 5.289049
3.684000 5.298051
3.685000 5.297186
3.686000 5.299518
3.687000 5.302063
3.688000 5.300390
3.689000 5.301640
3.690000 5.298595
3.691000 5.302668
3.692000 5.303244
3.693000 5.308904
3.694000 5.313179
3.695000 5.308087
3.696000 5.303980
3.697000 5.302879
3.698000 5.296613
3.699000 5.297979
3.700000 5.291504
3.701000 5.294375
3.702000 5.291513
3.703000 5.293864
3.704000 5.297735
3.705000 5.299061
3.706000 5.299078
3.707000 5.294053
3.708000 5.291873
3.709000 5.291060
3.710000 5.291755
3.711000 5.293948
3.712000 5.300722
3.713000 5.304035
3.714000 5.310105
3.715000 5.309854
3.716000 5.312744
3.717000 5.313310
3.718000 5.318485
3.719000 5.321387
3.720000 5.320759
3.721000 5.322831
3.722000 5.325757
3.723000 5.333431
3.724000 5.334361
3.725000 5.338237
3.726000 5.351562
3.727000 5.341569
3.728000 5.335530
3.729000 5.340563
3.730000 5.344227
3.731000 5.348543
3.732000 5.347670
3.733000 5.352869
3.734000 5.356976
3.735000 5.354220
3.736000 5.357974
3.737000 5.356639
3.738000 5.363507
3.739000 5.367713
3.740000 5.375879
3.741000 5.384171
3.742000 5.388701
3.743000 5.392146
3.744000 5.401088
3.745000 5.399157
3.746000 5.401288
3.747000 5.397152
3.748000 5.402127
3.749000 5.401961
3.750000 5.403924
3.751000 5.399178
3.752000 5.394184
3.753000 5.398285
3.754000 5.403417
3.755000 5.397175
3.756000 5.385490
3.757000 5.392894
3.758000 5.392689
3.759000 5.395493
3.760000 5.396494
3.761000 5.396337
3.762000 5.398800
3.763000 5.400263
3.764000 5.394596
3.765000 5.398228
3.766000 5.400123
3.767000 5.404920
3.768000 5.408780
3.769000 5.416793
3.770000 5.424765
3.771000 5.430349
3.772000 5.438221
3.773000 5.429791
3.774000 5.427464
3.775000 5.429202
3.776000 5.423320
3.777000 5.420000
3.778000 5.424782
3.779000 5.420982
3.780000 5.414747
3.781000 5.420213
3.782000 5.419097
3.783000 5.421752
3.784000 5.423300
3.785000 5.430678
3.786000 5.428020
3.787000 5.432013
3.788000 5.433348
3.789000 5.430420
3.790000 5.437669
3.791000 5.438739
3.792000 5.429570
3.793000 5.432797
3.794000 5.437680
3.795000 5.435769
3.796000 5.442160
3.797000 5.442200
3.798000 5.445361
3.799000 5.449115
3.800000 5.451973
3.801000 5.447065
3.802000 5.445866
3.803000 5.445460
3.804000 5.446502
3.805000 5.445894
3.806000 5.446347
3.807000 5.447474
3.808000 5.448847
3.809000 5.447956
3.810000 5.452005
3.811000 5.454358
3.812000 5.462786
3.813000 5.460466
3.814000 5.462793
3.815000 5.465721
3.816000 5.465281
3.817000 5.466585
3.818000 5.474812
3.819000 5.482497
3.820000 5.482774
3.821000 5.487751
3.822000 5.496905
3.823000 5.500749
3.824000 5.502881
3.825000 5.504785
3.826000 5.503514
3.827000 5.499878
3.828000 5.502455
3.829000 5.496881
3.830000 5.494784
3.831000 5.500237
3.832000 5.495440
3.833000 5.502479
3.834000 5.503763
3.835000 5.501010
3.836000 5.506155
3.837000 5.508658
3.838000 5.514128
3.839000 5.516240
3.840000 5.518023
3.841000 5.519091
3.842000 5.530238
3.843000 5.530207
3.844000 5.530207
3.845000 5.532880
3.846000 5.533540
3.847000 5.537550
3.848000 5.538573
3.849000 5.544460
3.850000 5.547379
3.851000 5.546188
3.852000 5.538199
3.853000 5.539848
3.854000 5.544414
3.855000 5.550751
3.856000 5.550864
3.857000 5.552723
3.858000 5.557801
3.859000 5.560220
3.860000 5.560438
3.861000 5.563047
3.862000 5.567511
3.863000 5.569368
3.864000 5.575792
3.865000 5.576486
3.866000 5.571995
3.867000 5.572404
3.868000 5.576329
3.869000 5.576902
3.870000 5.578234
3.871000 5.581981
3.872000 5.584020
3.873000 5.587355
3.874000 5.582596
3.875000 5.583647
3.876000 5.577760
3.877000 5.579491
3.878000 5.573294
3.879000 5.570121
3.880000 5.565349
3.881000 5.561168
3.882000 5.569685
3.883000 5.566694
3.884000 5.564847
3.885000 5.567520
3.886000 5.558708
3.887000 5.559945
3.888000 5.570330
3.889000 5.576029
3.890000 5.578067
3.891000 5.575361
3.892000 5.580392
3.893000 5.580758
3.894000 5.582595
3.895000 5.583546
3.896000 5.585194
3.897000 5.593375
3.898000 5.592984
3.899000 5.591092
3.900000 5.592558
3.901000 5.596081
3.902000 5.605106
3.903000 5.604463
3.904000 5.604201
3.905000 5.608860
3.906000 5.614594
3.907000 5.613130
3.908000 5.612943
3.909000 5.614088
3.910000 5.613087
3.911000 5.622003
3.912000 5.632336
3.913000 5.635332
3.914000 5.632351
3.915000 5.631122
3.916000 5.630765
3.917000 5.640082
3.918000 5.641920
3.919000 5.644168
3.920000 5.647092
3.921000 5.655382
3.922000 5.657291
3.923000 5.655052
3.924000 5.660463
3.925000 5.665796
3.926000 5.662360
3.927000 5.664835
3.928000 5.668696
3.929000 5.672021
3.930000 5.677853
3.931000 5.686644
3.932000 5.686067
3.933000 5.685600
3.934000 5.680833
3.935000 5.680717
3.936000 5.679124
3.937000 5.681721
3.938000 5.677862
3.939000 5.675485
3.940000 5.679907
3.941000 5.688850
3.942000 5.696065
3.943000 5.694065
3.944000 5.694219
3.945000 5.694706
3.946000 5.695853
3.947000 5.697147
3.948000 5.700037
3.949000 5.702124
3.950000 5.701530
3.951000 5.700215
3.952000 5.703641
3.953000 5.704270
3.954000 5.700326
3.955000 5.700819
3.956000 5.703416
3.957000 5.704303
3.958000 5.713261
3.959000 5.718727
3.960000 5.723880
3.961000 5.726479
3.962000 5.729171
3.963000 5.725202
3.964000 5.728685
3.965000 5.723727
3.966000 5.724490
3.967000 5.725418
3.968000 5.728632
3.969000 5.729450
3.970000 5.730216
3.971000 5.725421
3.972000 5.732999
3.973000 5.738961
3.974000 5.735434
3.975000 5.737110
3.976000 5.738087
3.977000 5.739366
3.978000 5.745440
3.979000 5.752940
3.980000 5.746707
3.981000 5.750031
3.982000 5.750358
3.983000 5.754975
3.984000 5.754898
3.985000 5.750892
3.986000 5.750361
3.987000 5.744255
3.988000 5.741325
3.989000 5.745511
3.990000 5.748290
3.991000 5.753782
3.992000 5.759435
3.993000 5.756660
3.994000 5.760531
3.995000 5.763456
3.996000 5.767346
3.997000 5.762635
3.998000 5.764053
3.999000 5.767384
4.000000 5.767545
4.001000 5.760510
4.002000 5.766712
4.003000 5.772364
4.004000 5.774597
4.005000 5.783845
4.006000 5.788779
4.007000 5.790015
4.008000 5.791568
4.009000 5.789202
4.010000 5.794684
4.011000 5.804568
4.012000 5.811702
4.013000 5.816938
4.014000 5.818521
4.015000 5.811780
4.016000 5.811665
4.017000 5.812455
4.018000 5.820897
4.019000 5.817312
4.020000 5.812748
4.021000 5.818562
4.022000 5.815911
4.023000 5.819995
4.024000 5.818738
4.025000 5.824054
4.026000 5.828094
4.027000 5.823579
4.028000 5.825112
4.029000 5.820925
4.030000 5.822375
4.031000 5.821255
4.032000 5.830813
4.033000 5.835034
4.034000 5.834937
4.035000 5.837159
4.036000 5.840850
4.037000 5.845279
4.038000 5.849990
4.039000 5.851939
4.040000 5.849220
4.041000 5.858157
4.042000 5.859884
4.043000 5.860899
4.044000 5.860306
4.045000 5.864851
4.046000 5.863751
4.047000 5.869359
4.048000 5.869449
4.049000 5.873883
4.050000 5.868575
4.051000 5.869168
4.052000 5.865790
4.053000 5.873119
4.054000 5.875360
4.055000 5.875803
4.056000 5.873507
4.057000 5.868741
4.058000 5.862997
4.059000 5.868995
4.060000 5.868127
4.061000 5.874562
4.062000 5.872981
4.063000 5.872639
4.064000 5.871170
4.065000 5.875982
4.066000 5.879304
4.067000 5.872919
4.068000 5.872232
4.069000 5.869709
4.070000 5.873017
4.071000 5.875214
4.072000 5.877383
4.073000 5.880513
4.074000 5.874669
4.075000 5.874984
4.076000 5.867220
4.077000 5.866967
4.078000 5.872821
4.079000 5.873499
4.080000 5.877284
4.081000 5.880406
4.082000 5.876316
4.083000 5.876723
4.084000 5.876099
4.085000 5.872595
4.086000 5.875038
4.087000 5.868867
4.088000 5.867032
4.089000 5.860598
4.090000 5.866422
4.091000 5.867021
4.092000 5.871553
4.093000 5.872051
4.094000 5.874317
4.095000 5.872197
4.096000 5.877193
4.097000 5.879577
4.098000 5.875648
4.099000 5.873383
4.100000 5.875977
4.101000 5.877464
4.102000 5.889060
4.103000 5.890868
4.104000 5.886873
4.105000 5.887637
4.106000 5.891313
4.107000 5.891520
4.108000 5.896720
4.109000 5.900396
4.110000 5.902306
4.111000 5.903635
4.112000 5.909991
4.113000 5.906409
4.114000 5.910317
4.115000 5.912676
4.116000 5.912278
4.117000 5.912448
4.118000 5.912658
4.119000 5.915599
4.120000 5.914999
4.121000 5.913759
4.122000 5.913955
4.123000 5.915886
4.124000 5.920393
4.125000 5.921788
4.126000 5.917581
4.127000 5.916167
4.128000 5.915186
4.129000 5.915187
4.130000 5.922818
4.131000 5.921491
4.132000 5.922595
4.133000 5.920118
4.134000 5.925801
4.135000 5.926903
4.136000 5.928894
4.137000 5.936955
4.138000 5.934549
4.139000 5.942590
4.140000 5.942719
4.141000 5.940373
4.142000 5.943040
4.143000 5.942882
4.144000 5.945311
4.145000 5.948492
4.146000 5.957685
4.147000 5.955092
4.148000 5.960913
4.149000 5.973774
4.150000 5.970630
4.151000 5.961513
4.152000 5.962584
4.153000 5.955769
4.154000 5.954129
4.155000 5.950138
4.156000 5.948601
4.157000 5.953409
4.158000 5.959234
4.159000 5.960449
4.160000 5.958064
4.161000 5.961938
4.162000 5.964876
4.163000 5.959418
4.164000 5.968555
4.165000 5.964023
4.166000 5.970701
4.167000 5.970090
4.168000 5.973123
4.169000 5.971967
4.170000 5.972369
4.171000 5.967449
4.172000 5.969874
4.173000 5.975967
4.174000 5.973900
4.175000 5.984058
4.176000 5.983516
4.177000 5.980810
4.178000 5.987494
4.179000 5.983304
4.180000 5.992364
4.181000 6.000342
4.182000 6.004750
4.183000 6.009501
4.184000 6.007779
4.185000 6.004386
4.186000 6.005902
4.187000 6.007433
4.188000 6.006424
4.189000 6.007830
4.190000 6.010941
4.191000 6.017502
4.192000 6.016200
4.193000 6.016532
4.194000 6.014678
4.195000 6.026282
4.196000 6.031199
4.197000 6.031237
4.198000 6.030978
4.199000 6.036657
4.200000 6.038607
4.201000 6.046932
4.202000 6.055590
4.203000 6.057529
4.204000 6.059927
4.205000 6.062640
4.206000 6.074394
4.207000 6.074124
4.208000 6.075433
4.209000 6.075384
4.210000 6.069297
4.211000 6.071362
4.212000 6.067519
4.213000 6.069849
4.214000 6.066149
4.215000 6.062689
4.216000 6.067567
4.217000 6.067377
4.218000 6.075269
4.219000 6.080782
4.220000 6.083003
4.221000 6.083626
4.222000 6.086047
4.223000 6.092439
4.224000 6.098922
4.225000 6.096444
4.226000 6.104483
4.227000 6.093602
4.228000 6.097271
4.229000 6.101399
4.230000 6.103402
4.231000 6.101413
4.232000 6.096457
4.233000 6.104025
4.234000 6.100322
4.235000 6.108119
4.236000 6.105228
4.237000 6.108457
4.238000 6.100606
4.239000 6.107195
4.240000 6.111880
4.241000 6.114055
4.242000 6.117474
4.243000 6.108676
4.244000 6.114479
4.245000 6.116507
4.246000 6.125578
4.247000 6.129388
4.248000 6.129755
4.249000 6.130575
4.250000 6.137318
4.251000 6.138231
4.252000 6.137123
4.253000 6.142220
4.254000 6.139224
4.255000 6.141259
4.256000 6.144849
4.257000 6.147138
4.258000 6.144911
4.259000 6.153367
4.260000 6.148516
4.261000 6.149158
4.262000 6.157305
4.263000 6.155254
4.264000 6.146900
4.265000 6.151539
4.266000 6.146788
4.267000 6.156899
4.268000 6.152221
4.269000 6.152797
4.270000 6.155986
4.271000 6.156019
4.272000 6.162360
4.273000 6.169277
4.274000 6.166849
4.275000 6.167011
4.276000 6.171600
4.277000 6.176460
4.278000 6.176913
4.279000 6.181819
4.280000 6.182201
4.281000 6.183118
4.282000 6.186922
4.283000 6.185414
4.284000 6.185313
4.285000 6.185862
4.286000 6.184434
4.287000 6.181971
4.288000 6.189962
4.289000 6.195584
4.290000 6.202130
4.291000 6.206383
4.292000 6.208903
4.293000 6.204362
4.294000 6.207117
4.295000 6.209025
4.296000 6.204550
4.297000 6.206813
4.298000 6.211805
4.299000 6.215039
4.300000 6.209974
4.301000 6.218325
4.302000 6.228327
4.303000 6.221623
4.304000 6.221377
4.305000 6.224593
4.306000 6.228124
4.307000 6.223003
4.308000 6.221944
4.309000 6.216819
4.310000 6.225425
4.311000 6.228465
4.312000 6.228950
4.313000 6.234245
4.314000 6.240447
4.315000 6.232973
4.316000 6.232836
4.317000 6.230032
4.318000 6.228506
4.319000 6.238710
4.320000 6.243619
4.321000 6.244185
4.322000 6.241841
4.323000 6.242858
4.324000 6.244560
4.325000 6.250837
4.326000 6.251117
4.327000 6.243284
4.328000 6.244754
4.329000 6.248013
4.330000 6.246216
4.331000 6.249607
4.332000 6.252318
4.333000 6.245452
4.334000 6.246920
4.335000 6.246248
4.336000 6.237963
4.337000 6.239448
4.338000 6.239227
4.339000 6.236729
4.340000 6.239527
4.341000 6.240530
4.342000 6.248520
4.343000 6.247055
4.344000 6.239573
4.345000 6.239039
4.346000 6.245528
4.347000 6.244288
4.348000 6.246854
4.349000 6.249144
4.350000 6.251025
4.351000 6.253460
4.352000 6.251034
4.353000 6.257155
4.354000 6.262133
4.355000 6.267163
4.356000 6.273661
4.357000 6.272278
4.358000 6.275227
4.359000 6.277263
4.360000 6.279216
4.361000 6.281659
4.362000 6.277181
4.363000 6.285938
4.364000 6.291896
4.365000 6.288196
4.366000 6.287681
4.367000 6.289931
4.368000 6.292691
4.369000 6.294828
4.370000 6.298343
4.371000 6.303625
4.372000 6.306095
4.373000 6.302860
4.374000 6.296399
4.375000 6.298131
4.376000 6.303993
4.377000 6.301515
4.378000 6.301434
4.379000 6.307813
4.380000 6.307460
4.381000 6.305221
4.382000 6.311212
4.383000 6.316738
4.384000 6.320271
4.385000 6.322388
4.386000 6.322708
4.387000 6.328101
4.388000 6.326407
4.389000 6.328232
4.390000 6.320705
4.391000 6.318563
4.392000 6.314433
4.393000 6.320222
4.394000 6.321021
4.395000 6.321693
4.396000 6.319118
4.397000 6.326160
4.398000 6.342795
4.399000 6.344787
4.400000 6.350477
4.401000 6.352234
4.402000 6.349223
4.403000 6.345267
4.404000 6.347522
4.405000 6.352008
4.406000 6.361107
4.407000 6.364879
4.408000 6.373564
4.409000 6.374033
4.410000 6.372274
4.411000 6.371962
4.412000 6.379051
4.413000 6.371591
4.414000 6.373364
4.415000 6.369692
4.416000 6.368020
4.417000 6.369332
4.418000 6.374229
4.419000 6.380096
4.420000 6.381583
4.421000 6.383924
4.422000 6.393841
4.423000 6.395456
4.424000 6.391320
4.425000 6.388013
4.426000 6.395057
4.427000 6.390756
4.428000 6.398577
4.429000 6.402703
4.430000 6.407591
4.431000 6.410647
4.432000 6.409934
4.433000 6.404467
4.434000 6.408647
4.435000 6.408962
4.436000 6.406812
4.437000 6.409184
4.438000 6.410949
4.439000 6.410088
4.440000 6.412402
4.441000 6.410001
4.442000 6.406823
4.443000 6.408526
4.444000 6.408362
4.445000 6.404964
4.446000 6.408104
4.447000 6.413966
4.448000 6.421273
4.449000 6.426435
4.450000 6.426570
4.451000 6.429948
4.452000 6.431625
4.453000 6.437784
4.454000 6.437175
4.455000 6.435874
4.456000 6.438664
4.457000 6.440821
4.458000 6.454276
4.459000 6.455001
4.460000 6.450180
4.461000 6.455786
4.462000 6.450744
4.463000 6.449653
4.464000 6.447313
4.465000 6.447593
4.466000 6.448829
4.467000 6.451524
4.468000 6.443033
4.469000 6.447288
4.470000 6.442620
4.471000 6.450039
4.472000 6.450542
4.473000 6.451996
4.474000 6.453218
4.475000 6.458900
4.476000 6.461532
4.477000 6.458836
4.478000 6.463114
4.479000 6.461717
4.480000 6.464199
4.481000 6.466673
4.482000 6.463187
4.483000 6.462916
4.484000 6.467290
4.485000 6.467620
4.486000 6.479057
4.487000 6.477321
4.488000 6.472120
4.489000 6.474121
4.490000 6.477980
4.491000 6.488085
4.492000 6.490408
4.493000 6.489737
4.494000 6.489082
4.495000 6.486952
4.496000 6.483848
4.497000 6.488310
4.498000 6.486931
4.499000 6.486408
4.500000 6.485867
4.501000 6.491263
4.502000 6.496643
4.503000 6.496575
4.504000 6.511631
4.505000 6.512764
4.506000 6.504334
4.507000 6.507493
4.508000 6.517075
4.509000 6.511443
4.510000 6.511862
4.511000 6.513323
4.512000 6.519351
4.513000 6.516925
4.514000 6.517335
4.515000 6.517079
4.516000 6.522800
4.517000 6.524429
4.518000 6.523950
4.519000 6.522749
4.520000 6.523014
4.521000 6.525335
4.522000 6.523017
4.523000 6.518334
4.524000 6.521718
4.525000 6.523547
4.526000 6.525963
4.527000 6.533293
4.528000 6.536512
4.529000 6.539870
4.530000 6.550187
4.531000 6.554382
4.532000 6.551113
4.533000 6.552854
4.534000 6.552339
4.535000 6.554761
4.536000 6.546742
4.537000 6.548080
4.538000 6.549061
4.539000 6.550154
4.540000 6.549715
4.541000 6.546768
4.542000 6.549185
4.543000 6.553592
4.544000 6.553812
4.545000 6.554016
4.546000 6.554810
4.547000 6.556583
4.548000 6.553935
4.549000 6.554228
4.550000 6.555640
4.551000 6.560707
4.552000 6.557028
4.553000 6.558221
4.554000 6.557626
4.555000 6.555132
4.556000 6.554466
4.557000 6.554633
4.558000 6.559869
4.559000 6.563118
4.560000 6.561748
4.561000 6.568085
4.562000 6.571933
4.563000 6.578291
4.564000 6.577258
4.565000 6.579471
4.566000 6.577397
4.567000 6.574131
4.568000 6.572894
4.569000 6.570854
4.570000 6.575638
4.571000 6.575852
4.572000 6.575638
4.573000 6.579137
4.574000 6.581950
4.575000 6.584104
4.576000 6.587340
4.577000 6.588660
4.578000 6.593190
4.579000 6.591476
4.580000 6.601475
4.581000 6.606164
4.582000 6.601392
4.583000 6.605922
4.584000 6.603678
4.585000 6.605480
4.586000 6.610529
4.587000 6.609158
4.588000 6.607300
4.589000 6.610098
4.590000 6.611014
4.591000 6.612868
4.592000 6.608311
4.593000 6.613513
4.594000 6.613636
4.595000 6.617468
4.596000 6.619449
4.597000 6.621170
4.598000 6.623585
4.599000 6.620144
4.600000 6.624904
4.601000 6.620191
4.602000 6.623676
4.603000 6.624081
4.604000 6.623740
4.605000 6.624450
4.606000 6.620648
4.607000 6.617799
4.608000 6.624220
4.609000 6.623923
4.610000 6.625885
4.611000 6.626272
4.612000 6.628696
4.613000 6.632597
4.614000 6.633522
4.615000 6.628998
4.616000 6.629029
4.617000 6.620948
4.618000 6.620617
4.619000 6.626787
4.620000 6.628466
4.621000 6.623262
4.622000 6.627663
4.623000 6.634178
4.624000 6.638477
4.625000 6.634255
4.626000 6.641145
4.627000 6.642906
4.628000 6.644966
4.629000 6.634344
4.630000 6.639238
4.631000 6.635314
4.632000 6.640302
4.633000 6.643962
4.634000 6.642143
4.635000 6.643595
4.636000 6.644505
4.637000 6.645364
4.638000 6.646816
4.639000 6.647301
4.640000 6.653309
4.641000 6.647809
4.642000 6.645967
4.643000 6.645394
4.644000 6.645109
4.645000 6.650512
4.646000 6.661036
4.647000 6.668835
4.648000 6.674894
4.649000 6.669407
4.650000 6.674357
4.651000 6.671775
4.652000 6.667999
4.653000 6.676206
4.654000 6.677532
4.655000 6.677850
4.656000 6.685112
4.657000 6.677635
4.658000 6.681449
4.659000 6.683332
4.660000 6.688388
4.661000 6.685391
4.662000 6.691760
4.663000 6.696486
4.664000 6.698017
4.665000 6.702284
4.666000 6.700856
4.667000 6.698755
4.668000 6.696987
4.669000 6.706736
4.670000 6.702732
4.671000 6.713685
4.672000 6.717808
4.673000 6.717853
4.674000 6.721168
4.675000 6.728051
4.676000 6.730965
4.677000 6.730881
4.678000 6.734213
4.679000 6.731883
4.680000 6.733788
4.681000 6.732162
4.682000 6.732644
4.683000 6.727410
4.684000 6.727606
4.685000 6.728951
4.686000 6.724850
4.687000 6.720551
4.688000 6.725746
4.689000 6.723323
4.690000 6.719759
4.691000 6.718016
4.692000 6.719902
4.693000 6.722178
4.694000 6.722029
4.695000 6.729111
4.696000 6.731960
4.697000 6.730600
4.698000 6.738312
4.699000 6.738582
4.700000 6.741097
4.701000 6.742588
4.702000 6.746659
4.703000 6.744268
4.704000 6.745841
4.705000 6.746619
4.706000 6.745515
4.707000 6.757462
4.708000 6.755692
4.709000 6.761605
4.710000 6.766976
4.711000 6.765836
4.712000 6.778644
4.713000 6.780253
4.714000 6.781433
4.715000 6.787104
4.716000 6.789935
4.717000 6.796741
4.718000 6.798796
4.719000 6.800926
4.720000 6.803170
4.721000 6.796397
4.722000 6.798546
4.723000 6.793161
4.724000 6.800456
4.725000 6.801591
4.726000 6.798704
4.727000 6.798832
4.728000 6.801533
4.729000 6.802066
4.730000 6.798924
4.731000 6.799265
4.732000 6.792010
4.733000 6.798575
4.734000 6.802496
4.735000 6.802607
4.736000 6.800748
4.737000 6.802532
4.738000 6.800936
4.739000 6.797955
4.740000 6.795596
4.741000 6.792970
4.742000 6.794772
4.743000 6.799073
4.744000 6.804351
4.745000 6.817408
4.746000 6.814994
4.747000 6.812651
4.748000 6.819244
4.749000 6.821774
4.750000 6.816076
4.751000 6.819200
4.752000 6.820867
4.753000 6.822909
4.754000 6.829768
4.755000 6.827192
4.756000 6.832352
4.757000 6.833429
4.758000 6.831145
4.759000 6.835456
4.760000 6.842569
4.761000 6.847816
4.762000 6.850544
4.763000 6.848197
4.764000 6.855888
4.765000 6.854272
4.766000 6.855877
4.767000 6.860661
4.768000 6.863739
4.769000 6.864367
4.770000 6.866292
4.771000 6.870950
4.772000 6.868350
4.773000 6.875513
4.774000 6.873312
4.775000 6.873245
4.776000 6.870862
4.777000 6.872719
4.778000 6.878537
4.779000 6.876867
4.780000 6.872962
4.781000 6.874282
4.782000 6.880793
4.783000 6.885698
4.784000 6.892059
4.785000 6.899542
4.786000 6.899153
4.787000 6.899898
4.788000 6.901739
4.789000 6.902315
4.790000 6.904012
4.791000 6.907717
4.792000 6.908022
4.793000 6.909752
4.794000 6.912869
4.795000 6.912280
4.796000 6.921496
4.797000 6.929246
4.798000 6.925544
4.799000 6.931246
4.800000 6.930664
4.801000 6.930323
4.802000 6.923655
4.803000 6.923643
4.804000 6.923267
4.805000 6.924996
4.806000 6.925722
4.807000 6.927973
4.808000 6.923623
4.809000 6.927058
4.810000 6.935055
4.811000 6.935712
4.812000 6.937610
4.813000 6.943644
4.814000 6.939526
4.815000 6.943196
4.816000 6.937609
4.817000 6.937200
4.818000 6.936607
4.819000 6.943006
4.820000 6.951033
4.821000 6.949240
4.822000 6.952098
4.823000 6.956573
4.824000 6.961251
4.825000 6.959601
4.826000 6.967020
4.827000 6.975288
4.828000 6.979792
4.829000 6.974173
4.830000 6.981822
4.831000 6.983711
4.832000 6.982458
4.833000 6.986126
4.834000 6.984447
4.835000 6.993238
4.836000 7.003927
4.837000 6.994253
4.838000 6.994459
4.839000 6.995869
4.840000 7.000936
4.841000 7.005375
4.842000 6.997401
4.843000 7.006614
4.844000 7.009628
4.845000 7.005443
4.846000 7.012907
4.847000 7.011110
4.848000 7.009670
4.849000 7.005224
4.850000 7.001310
4.851000 7.007900
4.852000 7.010679
4.853000 7.012522
4.854000 7.013724
4.855000 7.015891
4.856000 7.013894
4.857000 7.018650
4.858000 7.017302
4.859000 7.017989
4.860000 7.012857
4.861000 7.018245
4.862000 7.023394
4.863000 7.017608
4.864000 7.027440
4.865000 7.026917
4.866000 7.017526
4.867000 7.016731
4.868000 7.019421
4.869000 7.022519
4.870000 7.017998
4.871000 7.022792
4.872000 7.028563
4.873000 7.027189
4.874000 7.029598
4.875000 7.035695
4.876000 7.039245
4.877000 7.037300
4.878000 7.043701
4.879000 7.060209
4.880000 7.067033
4.881000 7.060851
4.882000 7.059613
4.883000 7.059815
4.884000 7.064298
4.885000 7.068149
4.886000 7.073360
4.887000 7.075511
4.888000 7.083392
4.889000 7.085527
4.890000 7.085507
4.891000 7.083117
4.892000 7.092576
4.893000 7.092764
4.894000 7.091641
4.895000 7.090913
4.896000 7.092409
4.897000 7.096152
4.898000 7.101194
4.899000 7.108063
4.900000 7.119038
4.901000 7.118890
4.902000 7.118475
4.903000 7.115401
4.904000 7.111725
4.905000 7.109776
4.906000 7.110593
4.907000 7.113082
4.908000 7.112498
4.909000 7.106369
4.910000 7.111528
4.911000 7.110775
4.912000 7.104546
4.913000 7.111640
4.914000 7.111686
4.915000 7.111721
4.916000 7.106966
4.917000 7.104105
4.918000 7.105028
4.919000 7.106251
4.920000 7.108410
4.921000 7.120579
4.922000 7.115724
4.923000 7.117981
4.924000 7.127031
4.925000 7.127295
4.926000 7.131947
4.927000 7.135638
4.928000 7.141981
4.929000 7.142878
4.930000 7.143775
4.931000 7.138944
4.932000 7.138914
4.933000 7.137684
4.934000 7.132574
4.935000 7.138606
4.936000 7.152899
4.937000 7.157185
4.938000 7.161036
4.939000 7.161132
4.940000 7.162406
4.941000 7.163821
4.942000 7.173741
4.943000 7.176653
4.944000 7.186338
4.945000 7.189117
4.946000 7.190391
4.947000 7.187892
4.948000 7.191661
4.949000 7.197421
4.950000 7.201830
4.951000 7.207448
4.952000 7.206420
4.953000 7.210655
4.954000 7.208312
4.955000 7.213634
4.956000 7.217829
4.957000 7.222017
4.958000 7.220577
4.959000 7.221230
4.960000 7.223633
4.961000 7.223121
4.962000 7.221627
4.963000 7.226358
4.964000 7.235267
4.965000 7.231057
4.966000 7.235605
4.967000 7.239928
4.968000 7.243610
4.969000 7.249878
4.970000 7.253158
4.971000 7.259870
4.972000 7.269421
4.973000 7.267436
4.974000 7.269436
4.975000 7.269221
4.976000 7.264921
4.977000 7.268419
4.978000 7.272961
4.979000 7.279913
4.980000 7.283194
4.981000 7.281800
4.982000 7.279775
4.983000 7.276803
4.984000 7.279501
4.985000 7.280262
4.986000 7.285243
4.987000 7.289083
4.988000 7.290136
4.989000 7.286026
4.990000 7.279408
4.991000 7.281231
4.992000 7.274338
4.993000 7.273818
4.994000 7.274127
4.995000 7.276639
4.996000 7.272607
4.997000 7.273995
4.998000 7.272971
4.999000 7.265827
