0.000000 8.563375
1.000000 8.420142
2.000000 8.257550
3.000000 8.172157
4.000000 8.125388
5.000000 8.527616
6.000000 7.588371
7.000000 7.168168
8.000000 8.863061
9.000000 11.039634
10.000000 11.648363
11.000000 13.182522
12.000000 14.807825
13.000000 16.515671
14.000000 19.418368
15.000000 21.151397
16.000000 23.093979
17.000000 24.137224
18.000000 25.928708
19.000000 26.375802
20.000000 27.749549
21.000000 28.349003
22.000000 29.514449
23.000000 31.250664
24.000000 32.846999
25.000000 33.132208
26.000000 35.112760
27.000000 37.100814
28.000000 37.764307
29.000000 38.418519
30.000000 40.189963
31.000000 41.345101
32.000000 43.053082
33.000000 43.466897
34.000000 44.501929
35.000000 46.563045
36.000000 47.576978
37.000000 48.293805
38.000000 49.086767
39.000000 51.410790
40.000000 53.459223
41.000000 54.859639
42.000000 57.653336
43.000000 59.063784
44.000000 61.106571
45.000000 63.696475
46.000000 65.417468
47.000000 67.033053
48.000000 67.878590
49.000000 68.631011
50.000000 69.769987
51.000000 71.961559
52.000000 73.390488
53.000000 75.424445
54.000000 76.880715
55.000000 78.493200
56.000000 81.219397
57.000000 82.945528
58.000000 84.976190
59.000000 87.188584
60.000000 89.033958
61.000000 91.378943
62.000000 92.983517
63.000000 94.389272
64.000000 97.768995
65.000000 98.615333
66.000000 99.185326
67.000000 101.179929
68.000000 101.853239
69.000000 103.074230
70.000000 104.057868
71.000000 106.710170
72.000000 107.181065
73.000000 107.946975
74.000000 109.862445
75.000000 111.580185
76.000000 111.827891
77.000000 114.286562
78.000000 115.884842
79.000000 118.142809
80.000000 118.328208
81.000000 119.153925
82.000000 119.939800
83.000000 121.500959
84.000000 122.423476
85.000000 123.377167
86.000000 124.416342
87.000000 126.320252
88.000000 128.103100
89.000000 129.556195
90.000000 131.989378
91.000000 134.176535
92.000000 135.052181
93.000000 135.966840
94.000000 136.681761
95.000000 137.736390
96.000000 138.486228
97.000000 140.480441
98.000000 141.611282
99.000000 142.178899
100.000000 144.091314
101.000000 145.614477
102.000000 147.384897
103.000000 149.490615
104.000000 151.458733
105.000000 153.121389
106.000000 154.547754
107.000000 156.321861
108.000000 158.061904
109.000000 159.537471
110.000000 160.350798
111.000000 162.150154
112.000000 162.586905
113.000000 163.928596
114.000000 164.791229
115.000000 166.535509
116.000000 168.582424
117.000000 170.691682
118.000000 173.102742
119.000000 173.832373
120.000000 174.730348
121.000000 176.342651
122.000000 177.303145
123.000000 179.016374
124.000000 180.628956
125.000000 182.035150
126.000000 183.999967
127.000000 186.391880
128.000000 187.527915
129.000000 187.835879
130.000000 190.134433
131.000000 192.103404
132.000000 194.112896
133.000000 195.667689
134.000000 196.581925
135.000000 197.451942
136.000000 200.365764
137.000000 201.484152
138.000000 202.791075
139.000000 203.349075
140.000000 205.038063
141.000000 206.493385
142.000000 207.848614
143.000000 209.433651
144.000000 210.241510
145.000000 212.618641
146.000000 214.541735
147.000000 215.498911
148.000000 215.974563
149.000000 215.938249
150.000000 218.046407
151.000000 219.576817
152.000000 221.583012
153.000000 223.368497
154.000000 224.547359
155.000000 226.357842
156.000000 227.831520
157.000000 228.706987
158.000000 229.600658
159.000000 229.661640
160.000000 231.249913
161.000000 233.223081
162.000000 234.911691
163.000000 235.843823
164.000000 236.347809
165.000000 238.100544
166.000000 240.286622
167.000000 241.599444
168.000000 243.618704
169.000000 244.679348
170.000000 246.625792
171.000000 249.136142
172.000000 252.075536
173.000000 254.316003
174.000000 256.249882
175.000000 257.762985
176.000000 258.398243
177.000000 257.870850
178.000000 259.548043
179.000000 261.498352
180.000000 262.561428
181.000000 263.614783
182.000000 265.186432
183.000000 266.449723
184.000000 268.892302
185.000000 271.434335
186.000000 272.198126
187.000000 273.833517
188.000000 275.065253
189.000000 275.364677
190.000000 276.629832
191.000000 277.607428
192.000000 279.501203
193.000000 281.010293
194.000000 281.907788
195.000000 282.761855
196.000000 285.003451
197.000000 286.423545
198.000000 287.935817
199.000000 288.906547
200.000000 289.831225
201.000000 290.060520
202.000000 291.802850
203.000000 293.055233
204.000000 294.654963
205.000000 295.579713
206.000000 296.937250
207.000000 299.851394
208.000000 301.441644
209.000000 302.424315
210.000000 304.335555
211.000000 305.608108
212.000000 307.967110
213.000000 308.977082
214.000000 310.126501
215.000000 311.616524
216.000000 311.956237
217.000000 312.876221
218.000000 314.540347
219.000000 316.502310
220.000000 317.593901
221.000000 319.137347
222.000000 321.304416
223.000000 321.987658
224.000000 323.482031
225.000000 326.000754
226.000000 327.410058
227.000000 328.028973
228.000000 329.341355
229.000000 331.716023
230.000000 333.418123
231.000000 335.421057
232.000000 336.143931
233.000000 337.801858
234.000000 338.809744
235.000000 339.846635
236.000000 341.541406
237.000000 342.781511
238.000000 344.107166
239.000000 345.291191
240.000000 345.783098
241.000000 347.894634
242.000000 350.134149
243.000000 351.614910
244.000000 353.129867
245.000000 354.598591
246.000000 356.635737
247.000000 357.449082
248.000000 359.990108
249.000000 361.650909
250.000000 362.953774
251.000000 364.519541
252.000000 367.080948
253.000000 367.648320
254.000000 369.031738
255.000000 371.575422
256.000000 372.331482
257.000000 374.249985
258.000000 376.249981
259.000000 378.021350
260.000000 379.553273
261.000000 380.410817
262.000000 381.066891
263.000000 381.859266
264.000000 383.117353
265.000000 384.640585
266.000000 386.117574
267.000000 387.724657
268.000000 389.486421
269.000000 390.328729
270.000000 392.715894
271.000000 394.226357
272.000000 395.161728
273.000000 396.219230
274.000000 397.163947
275.000000 399.683484
276.000000 400.618660
277.000000 402.819941
278.000000 404.688023
279.000000 404.682795
280.000000 405.667503
281.000000 407.156753
282.000000 408.302477
283.000000 408.427563
284.000000 410.028546
285.000000 411.640555
286.000000 413.359462
287.000000 415.110806
288.000000 415.798613
289.000000 417.399561
290.000000 419.031829
291.000000 420.485280
292.000000 422.930815
293.000000 424.406171
294.000000 426.137419
295.000000 427.397295
296.000000 429.579792
297.000000 431.065902
298.000000 432.456588
299.000000 433.801326
300.000000 435.025038
301.000000 435.805347
302.000000 437.280502
303.000000 439.295480
304.000000 441.583124
305.000000 442.494941
306.000000 444.494560
307.000000 446.799208
308.000000 449.295374
309.000000 450.555271
310.000000 452.097069
311.000000 453.437084
312.000000 454.553869
313.000000 456.238705
314.000000 459.140040
315.000000 460.254919
316.000000 462.451503
317.000000 464.456255
318.000000 465.455481
319.000000 466.978281
320.000000 468.410799
321.000000 469.216395
322.000000 470.545346
323.000000 472.292293
324.000000 473.254832
325.000000 474.747236
326.000000 475.429849
327.000000 476.364889
328.000000 477.418131
329.000000 478.083415
330.000000 479.424708
331.000000 481.519687
332.000000 482.878628
333.000000 485.146802
334.000000 485.878279
335.000000 488.092914
336.000000 489.085312
337.000000 490.378025
338.000000 491.477646
339.000000 492.853713
340.000000 493.903287
341.000000 494.953836
342.000000 495.563912
343.000000 497.124399
344.000000 499.163630
345.000000 500.184585
346.000000 502.097130
347.000000 504.242020
348.000000 506.328370
349.000000 507.175885
350.000000 509.612539
351.000000 511.604444
352.000000 513.850289
353.000000 515.268032
354.000000 516.590665
355.000000 517.583520
356.000000 519.000294
357.000000 518.975770
358.000000 519.394212
359.000000 521.986098
360.000000 523.383649
361.000000 524.694612
362.000000 524.998118
363.000000 526.347376
364.000000 526.791504
365.000000 527.416984
366.000000 529.058402
367.000000 530.231558
368.000000 532.092130
369.000000 534.074160
370.000000 535.732696
371.000000 536.911416
372.000000 538.321709
373.000000 539.464157
374.000000 539.808987
375.000000 541.414715
376.000000 543.136433
377.000000 544.922923
378.000000 547.073076
379.000000 549.479950
380.000000 551.487047
381.000000 553.021265
382.000000 554.473488
383.000000 556.156974
384.000000 557.268161
385.000000 558.381920
386.000000 560.451103
387.000000 560.757547
388.000000 561.111777
389.000000 562.284280
390.000000 563.554095
391.000000 564.173436
392.000000 565.602905
393.000000 568.417016
394.000000 570.204318
395.000000 573.229512
396.000000 574.736951
397.000000 575.239411
398.000000 576.417235
399.000000 578.523898
400.000000 580.268580
401.000000 582.595608
402.000000 583.607787
403.000000 585.593722
404.000000 586.585416
405.000000 588.028919
406.000000 589.989755
407.000000 591.467252
408.000000 593.243327
409.000000 593.035676
410.000000 594.261202
411.000000 595.259251
412.000000 597.880996
413.000000 600.392070
414.000000 601.478822
415.000000 602.870227
416.000000 604.590490
417.000000 605.963507
418.000000 607.311742
419.000000 608.622809
420.000000 610.348853
421.000000 611.941317
422.000000 612.952660
423.000000 613.438464
424.000000 615.005469
425.000000 616.182019
426.000000 617.873322
427.000000 619.143888
428.000000 621.543599
429.000000 622.704665
430.000000 623.892573
431.000000 626.486020
432.000000 628.806487
433.000000 629.464418
434.000000 630.211220
435.000000 631.844872
436.000000 633.347953
437.000000 634.754023
438.000000 636.877352
439.000000 638.312861
440.000000 640.291283
441.000000 642.286971
442.000000 643.975283
443.000000 646.661089
444.000000 646.765603
445.000000 647.991754
446.000000 649.951470
447.000000 651.577844
448.000000 653.358664
449.000000 655.260773
450.000000 654.523019
451.000000 655.442992
452.000000 656.241914
453.000000 656.183079
454.000000 657.171595
455.000000 658.976456
456.000000 659.889600
457.000000 660.932470
458.000000 662.168831
459.000000 664.775845
460.000000 665.896802
461.000000 667.887740
462.000000 668.606037
463.000000 668.756461
464.000000 671.550215
465.000000 673.473456
466.000000 674.562055
467.000000 676.251646
468.000000 677.022273
469.000000 678.591398
470.000000 679.797584
471.000000 681.338781
472.000000 682.821302
473.000000 684.397596
474.000000 686.654025
475.000000 688.603617
476.000000 690.699376
477.000000 693.362915
478.000000 694.745772
479.000000 696.123958
480.000000 697.720655
481.000000 698.951459
482.000000 699.772730
483.000000 701.140385
484.000000 703.798189
485.000000 706.369171
486.000000 707.219819
487.000000 707.863767
488.000000 709.525091
489.000000 710.747645
490.000000 712.488221
491.000000 714.092432
492.000000 715.264980
493.000000 717.218904
494.000000 718.583021
495.000000 718.801031
496.000000 721.141565
497.000000 722.608942
498.000000 725.816734
499.000000 727.703089
