0.000000 2.780134
0.010000 2.835183
0.020000 2.869441
0.030000 3.068852
0.040000 3.058912
0.050000 3.193945
0.060000 3.038579
0.070000 3.120981
0.080000 2.977686
0.090000 2.872427
0.100000 2.802328
0.110000 2.953498
0.120000 2.888527
0.130000 2.873634
0.140000 2.710003
0.150000 2.627703
0.160000 2.555222
0.170000 2.629299
0.180000 2.699532
0.190000 2.688952
0.200000 2.748886
0.210000 2.616481
0.220000 2.518042
0.230000 2.616605
0.240000 2.690662
0.250000 2.768839
0.260000 2.739166
0.270000 2.997551
0.280000 2.870750
0.290000 2.572493
0.300000 2.575251
0.310000 2.527730
0.320000 2.480948
0.330000 2.594099
0.340000 2.548275
0.350000 2.674630
0.360000 2.544631
0.370000 2.448662
0.380000 2.364626
0.390000 2.531763
0.400000 2.543323
0.410000 2.540493
0.420000 2.519018
0.430000 2.468120
0.440000 2.426059
0.450000 2.660566
0.460000 2.497485
0.470000 2.550969
0.480000 2.604541
0.490000 2.565853
0.500000 2.464035
0.510000 2.480271
0.520000 2.661962
0.530000 2.859422
0.540000 2.777108
0.550000 2.537015
0.560000 2.637575
0.570000 2.842270
0.580000 2.860830
0.590000 3.055671
0.600000 2.956663
0.610000 2.947596
0.620000 2.984997
0.630000 3.081262
0.640000 2.755579
0.650000 2.912769
0.660000 2.693411
0.670000 2.840518
0.680000 2.618060
0.690000 2.666251
0.700000 2.757883
0.710000 2.637529
0.720000 2.686895
0.730000 2.809787
0.740000 2.774549
0.750000 2.714483
0.760000 2.775820
0.770000 2.641811
0.780000 2.674524
0.790000 2.551680
0.800000 2.416734
0.810000 2.541667
0.820000 2.548793
0.830000 2.699831
0.840000 2.706828
0.850000 2.543698
0.860000 2.669234
0.870000 2.634976
0.880000 2.574713
0.890000 2.502179
0.900000 2.303735
0.910000 2.430318
0.920000 2.340566
0.930000 2.578713
0.940000 2.605939
0.950000 2.769537
0.960000 2.874645
0.970000 3.057568
0.980000 3.056016
0.990000 3.120909
1.000000 3.031208
1.010000 2.863205
1.020000 2.856270
1.030000 2.773356
1.040000 2.636577
1.050000 2.794874
1.060000 2.882286
1.070000 2.846802
1.080000 3.040976
1.090000 2.966344
1.100000 3.025330
1.110000 3.215113
1.120000 3.576165
1.130000 3.656260
1.140000 3.546857
1.150000 3.543987
1.160000 3.694259
1.170000 3.763535
1.180000 3.903718
1.190000 3.568897
1.200000 3.525244
1.210000 3.615725
1.220000 3.877543
1.230000 4.052056
1.240000 4.073109
1.250000 4.086688
1.260000 4.067144
1.270000 4.034516
1.280000 4.089053
1.290000 3.979397
1.300000 3.928397
1.310000 4.004301
1.320000 4.104708
1.330000 4.159587
1.340000 4.173929
1.350000 4.126099
1.360000 4.162356
1.370000 4.031518
1.380000 3.986553
1.390000 4.036416
1.400000 4.098416
1.410000 4.182079
1.420000 4.184641
1.430000 4.240656
1.440000 4.499417
1.450000 4.398152
1.460000 4.274774
1.470000 4.386667
1.480000 4.259777
1.490000 4.266647
1.500000 4.118244
1.510000 4.420646
1.520000 4.489364
1.530000 4.558554
1.540000 4.563153
1.550000 4.196126
1.560000 4.333478
1.570000 4.444726
1.580000 4.506629
1.590000 4.479469
1.600000 4.539345
1.610000 4.502354
1.620000 4.442850
1.630000 4.529948
1.640000 4.439265
1.650000 4.515037
1.660000 4.606584
1.670000 4.833862
1.680000 5.021792
1.690000 5.202438
1.700000 5.413035
1.710000 5.496112
1.720000 5.752386
1.730000 5.613096
1.740000 5.644058
1.750000 5.601295
1.760000 5.478114
1.770000 5.598312
1.780000 5.521126
1.790000 5.728857
1.800000 5.589265
1.810000 5.481373
1.820000 5.662305
1.830000 5.741634
1.840000 5.570198
1.850000 5.479774
1.860000 5.632784
1.870000 5.710377
1.880000 5.879218
1.890000 6.081174
1.900000 6.181564
1.910000 6.185367
1.920000 6.239573
1.930000 6.242025
1.940000 6.355479
1.950000 6.517680
1.960000 6.459873
1.970000 6.709798
1.980000 6.744879
1.990000 6.810804
2.000000 6.732835
2.010000 6.756031
2.020000 6.935196
2.030000 7.003929
2.040000 7.295409
2.050000 7.186567
2.060000 7.085263
2.070000 7.147313
2.080000 7.290330
2.090000 7.205136
2.100000 7.287840
2.110000 7.630432
2.120000 7.697989
2.130000 7.560152
2.140000 7.646915
2.150000 7.667267
2.160000 7.698084
2.170000 7.763227
2.180000 7.684490
2.190000 7.800645
2.200000 7.867661
2.210000 8.039059
2.220000 8.109558
2.230000 8.218058
2.240000 8.399403
2.250000 8.489542
2.260000 8.672179
2.270000 8.874980
2.280000 8.810755
2.290000 8.902074
2.300000 8.922837
2.310000 8.623487
2.320000 8.642988
2.330000 8.665338
2.340000 8.859332
2.350000 9.043876
2.360000 9.231585
2.370000 9.468370
2.380000 9.523964
2.390000 9.560781
2.400000 9.735193
2.410000 9.769390
2.420000 9.767707
2.430000 9.870609
2.440000 9.966124
2.450000 9.940580
2.460000 10.087526
2.470000 10.321160
2.480000 10.411162
2.490000 10.359058
2.500000 10.073241
2.510000 10.198683
2.520000 10.575360
2.530000 10.564585
2.540000 10.866736
2.550000 10.847154
2.560000 10.993515
2.570000 10.998215
2.580000 10.979224
2.590000 10.926294
2.600000 11.014696
2.610000 10.890271
2.620000 11.011586
2.630000 11.003206
2.640000 11.349621
2.650000 11.407832
2.660000 11.466337
2.670000 11.447940
2.680000 11.653155
2.690000 11.731190
2.700000 11.723022
2.710000 11.758703
2.720000 11.901799
2.730000 12.106414
2.740000 12.111658
2.750000 11.742823
2.760000 11.820837
2.770000 12.146128
2.780000 12.421943
2.790000 12.495077
2.800000 12.580786
2.810000 12.929093
2.820000 12.893660
2.830000 12.983326
2.840000 12.838436
2.850000 12.994639
2.860000 12.716390
2.870000 13.002574
2.880000 13.126768
2.890000 13.156655
2.900000 13.243259
2.910000 13.192983
2.920000 13.242088
2.930000 13.310641
2.940000 13.186769
2.950000 13.377898
2.960000 13.485033
2.970000 13.683299
2.980000 13.622729
2.990000 13.630951
3.000000 14.305209
3.010000 14.580788
3.020000 14.596529
3.030000 14.806544
3.040000 14.870696
3.050000 14.773433
3.060000 14.855120
3.070000 14.861018
3.080000 14.922777
3.090000 15.095413
3.100000 15.285796
3.110000 15.547012
3.120000 15.826142
3.130000 15.838300
3.140000 16.120222
3.150000 16.332151
3.160000 16.495307
3.170000 16.733355
3.180000 16.808265
3.190000 16.810731
3.200000 16.785055
3.210000 17.020385
3.220000 17.101482
3.230000 17.225066
3.240000 17.185294
3.250000 17.507284
3.260000 17.494988
3.270000 17.454768
3.280000 17.506799
3.290000 17.507233
3.300000 17.750391
3.310000 17.821226
3.320000 17.774738
3.330000 17.807682
3.340000 17.834424
3.350000 18.031787
3.360000 18.051603
3.370000 18.157308
3.380000 18.233625
3.390000 18.376503
3.400000 18.583587
3.410000 18.922651
3.420000 18.868907
3.430000 18.826143
3.440000 18.682958
3.450000 18.801515
3.460000 18.942840
3.470000 18.729307
3.480000 19.224624
3.490000 19.463385
3.500000 19.625518
3.510000 20.090288
3.520000 20.211060
3.530000 19.947013
3.540000 20.377089
3.550000 20.412472
3.560000 20.707368
3.570000 21.010571
3.580000 21.206222
3.590000 21.104155
3.600000 21.231137
3.610000 21.398598
3.620000 21.799341
3.630000 21.837095
3.640000 22.055292
3.650000 22.077046
3.660000 22.168995
3.670000 22.277284
3.680000 22.371740
3.690000 22.471963
3.700000 22.559246
3.710000 22.515820
3.720000 22.904958
3.730000 22.904045
3.740000 22.994236
3.750000 23.325308
3.760000 23.347624
3.770000 23.339150
3.780000 23.560564
3.790000 23.470007
3.800000 23.675178
3.810000 23.820069
3.820000 24.039733
3.830000 23.947812
3.840000 24.007015
3.850000 24.008245
3.860000 24.430786
3.870000 24.605374
3.880000 24.573553
3.890000 24.739873
3.900000 24.840358
3.910000 25.131851
3.920000 25.291288
3.930000 25.534592
3.940000 25.685688
3.950000 25.673333
3.960000 25.971109
3.970000 25.800073
3.980000 26.124813
3.990000 26.176304
4.000000 26.386764
4.010000 26.450947
4.020000 26.474814
4.030000 26.513973
4.040000 26.776657
4.050000 26.857488
4.060000 27.324160
4.070000 27.532897
4.080000 27.762824
4.090000 28.134720
4.100000 28.039843
4.110000 28.112373
4.120000 28.371767
4.130000 28.326106
4.140000 28.604329
4.150000 28.790008
4.160000 28.949170
4.170000 29.021523
4.180000 29.101661
4.190000 29.461595
4.200000 29.728761
4.210000 29.744126
4.220000 29.743645
4.230000 29.821355
4.240000 30.046026
4.250000 30.112610
4.260000 30.198445
4.270000 30.459308
4.280000 30.604320
4.290000 31.111477
4.300000 31.144247
4.310000 31.140059
4.320000 31.212108
4.330000 30.964546
4.340000 31.154411
4.350000 31.311820
4.360000 31.424558
4.370000 31.503575
4.380000 31.626425
4.390000 31.693952
4.400000 31.788811
4.410000 32.020778
4.420000 32.106530
4.430000 32.362111
4.440000 32.521425
4.450000 32.790798
4.460000 32.910810
4.470000 33.182433
4.480000 33.408307
4.490000 33.632534
4.500000 33.570867
4.510000 33.734729
4.520000 33.939073
4.530000 34.142149
4.540000 34.282171
4.550000 34.454695
4.560000 34.802000
4.570000 35.165353
4.580000 35.210473
4.590000 35.180631
4.600000 35.258327
4.610000 35.371675
4.620000 35.617680
4.630000 35.783888
4.640000 35.825172
4.650000 36.001356
4.660000 36.054643
4.670000 36.297945
4.680000 36.529893
4.690000 36.919786
4.700000 37.197825
4.710000 37.451389
4.720000 37.408601
4.730000 37.498683
4.740000 37.415075
4.750000 37.188432
4.760000 37.590822
4.770000 37.643862
4.780000 37.872169
4.790000 38.243303
4.800000 38.539473
4.810000 38.900133
4.820000 39.134347
4.830000 39.272460
4.840000 39.489859
4.850000 39.585220
4.860000 39.689638
4.870000 39.729174
4.880000 39.810840
4.890000 40.060196
4.900000 40.476072
4.910000 40.537600
4.920000 40.563238
4.930000 40.908037
4.940000 41.227437
4.950000 41.270052
4.960000 41.592213
4.970000 42.058704
4.980000 41.909719
4.990000 41.894741
