0.000000 2.595832
0.001000 2.597404
0.002000 2.601326
0.003000 2.608027
0.004000 2.613895
0.005000 2.620965
0.006000 2.622902
0.007000 2.622717
0.008000 2.623543
0.009000 2.630877
0.010000 2.634916
0.011000 2.636551
0.012000 2.644527
0.013000 2.650447
0.014000 2.653159
0.015000 2.656952
0.016000 2.660089
0.017000 2.660444
0.018000 2.662137
0.019000 2.662513
0.020000 2.669377
0.021000 2.672727
0.022000 2.676862
0.023000 2.681921
0.024000 2.682311
0.025000 2.676160
0.026000 2.684246
0.027000 2.690317
0.028000 2.697263
0.029000 2.711628
0.030000 2.714627
0.031000 2.709760
0.032000 2.711255
0.033000 2.716134
0.034000 2.717448
0.035000 2.718166
0.036000 2.725938
0.037000 2.720829
0.038000 2.715191
0.039000 2.709797
0.040000 2.719740
0.041000 2.721646
0.042000 2.724352
0.043000 2.724665
0.044000 2.722152
0.045000 2.727223
0.046000 2.723783
0.047000 2.723727
0.048000 2.725869
0.049000 2.723644
0.050000 2.725930
0.051000 2.736421
0.052000 2.732822
0.053000 2.743554
0.054000 2.750591
0.055000 2.745261
0.056000 2.737037
0.057000 2.728936
0.058000 2.727251
0.059000 2.728438
0.060000 2.721178
0.061000 2.723699
0.062000 2.725525
0.063000 2.715800
0.064000 2.714012
0.065000 2.736845
0.066000 2.728053
0.067000 2.722395
0.068000 2.731936
0.069000 2.738684
0.070000 2.736258
0.071000 2.726019
0.072000 2.728958
0.073000 2.728885
0.074000 2.723739
0.075000 2.721575
0.076000 2.717609
0.077000 2.717220
0.078000 2.710583
0.079000 2.713899
0.080000 2.705206
0.081000 2.701473
0.082000 2.694004
0.083000 2.693718
0.084000 2.695175
0.085000 2.700591
0.086000 2.700883
0.087000 2.697017
0.088000 2.690993
0.089000 2.697272
0.090000 2.702386
0.091000 2.702863
0.092000 2.698450
0.093000 2.687401
0.094000 2.685562
0.095000 2.684458
0.096000 2.677313
0.097000 2.684085
0.098000 2.686425
0.099000 2.688050
0.100000 2.688899
0.101000 2.684963
0.102000 2.668555
0.103000 2.668234
0.104000 2.660223
0.105000 2.646959
0.106000 2.639125
0.107000 2.642477
0.108000 2.649846
0.109000 2.655380
0.110000 2.652327
0.111000 2.657876
0.112000 2.651023
0.113000 2.646772
0.114000 2.637608
0.115000 2.634097
0.116000 2.627388
0.117000 2.630905
0.118000 2.632890
0.119000 2.635740
0.120000 2.627007
0.121000 2.622711
0.122000 2.625876
0.123000 2.613415
0.124000 2.611201
0.125000 2.621945
0.126000 2.612492
0.127000 2.610233
0.128000 2.612030
0.129000 2.606290
0.130000 2.603425
0.131000 2.591927
0.132000 2.590301
0.133000 2.583428
0.134000 2.587333
0.135000 2.580884
0.136000 2.573951
0.137000 2.574880
0.138000 2.563724
0.139000 2.559936
0.140000 2.558923
0.141000 2.565516
0.142000 2.554482
0.143000 2.551302
0.144000 2.553645
0.145000 2.536069
0.146000 2.542574
0.147000 2.529990
0.148000 2.528991
0.149000 2.528538
0.150000 2.524622
0.151000 2.512388
0.152000 2.505101
0.153000 2.498279
0.154000 2.493026
0.155000 2.491676
0.156000 2.487225
0.157000 2.483933
0.158000 2.482050
0.159000 2.481162
0.160000 2.487302
0.161000 2.481721
0.162000 2.471834
0.163000 2.469727
0.164000 2.466688
0.165000 2.466475
0.166000 2.468143
0.167000 2.455983
0.168000 2.452463
0.169000 2.458073
0.170000 2.447582
0.171000 2.450414
0.172000 2.446910
0.173000 2.434278
0.174000 2.430163
0.175000 2.428694
0.176000 2.422876
0.177000 2.411619
0.178000 2.411330
0.179000 2.408228
0.180000 2.409530
0.181000 2.401480
0.182000 2.396982
0.183000 2.386317
0.184000 2.381898
0.185000 2.384916
0.186000 2.385653
0.187000 2.378714
0.188000 2.385394
0.189000 2.384594
0.190000 2.385393
0.191000 2.379802
0.192000 2.382264
0.193000 2.375133
0.194000 2.372682
0.195000 2.365506
0.196000 2.368544
0.197000 2.353264
0.198000 2.368617
0.199000 2.370746
0.200000 2.366349
0.201000 2.369610
0.202000 2.362587
0.203000 2.361975
0.204000 2.355859
0.205000 2.362969
0.206000 2.353525
0.207000 2.345267
0.208000 2.333462
0.209000 2.325531
0.210000 2.328471
0.211000 2.325764
0.212000 2.315654
0.213000 2.309489
0.214000 2.303050
0.215000 2.298932
0.216000 2.291385
0.217000 2.290373
0.218000 2.291182
0.219000 2.275943
0.220000 2.278173
0.221000 2.267560
0.222000 2.278061
0.223000 2.274056
0.224000 2.264036
0.225000 2.250822
0.226000 2.239340
0.227000 2.226639
0.228000 2.237383
0.229000 2.228487
0.230000 2.229206
0.231000 2.221756
0.232000 2.222777
0.233000 2.213022
0.234000 2.207776
0.235000 2.205744
0.236000 2.206656
0.237000 2.208855
0.238000 2.196662
0.239000 2.187359
0.240000 2.187074
0.241000 2.173991
0.242000 2.161451
0.243000 2.147981
0.244000 2.143758
0.245000 2.133925
0.246000 2.129920
0.247000 2.120246
0.248000 2.120687
0.249000 2.123771
0.250000 2.118673
0.251000 2.128893
0.252000 2.130551
0.253000 2.131531
0.254000 2.125594
0.255000 2.119487
0.256000 2.114657
0.257000 2.120262
0.258000 2.119956
0.259000 2.125475
0.260000 2.127761
0.261000 2.105980
0.262000 2.100837
0.263000 2.094036
0.264000 2.084874
0.265000 2.079286
0.266000 2.069674
0.267000 2.069786
0.268000 2.059116
0.269000 2.049291
0.270000 2.047638
0.271000 2.045873
0.272000 2.053029
0.273000 2.059676
0.274000 2.052284
0.275000 2.049989
0.276000 2.035647
0.277000 2.031700
0.278000 2.021437
0.279000 2.025583
0.280000 2.019388
0.281000 2.012301
0.282000 2.006318
0.283000 2.008565
0.284000 2.013632
0.285000 2.009874
0.286000 2.009861
0.287000 2.007935
0.288000 2.005359
0.289000 2.003274
0.290000 2.003633
0.291000 2.007751
0.292000 2.004997
0.293000 1.996649
0.294000 1.982822
0.295000 1.977265
0.296000 1.965311
0.297000 1.962301
0.298000 1.958977
0.299000 1.951692
0.300000 1.949422
0.301000 1.950035
0.302000 1.945292
0.303000 1.950206
0.304000 1.947079
0.305000 1.951869
0.306000 1.947331
0.307000 1.948629
0.308000 1.943181
0.309000 1.934190
0.310000 1.932638
0.311000 1.939503
0.312000 1.939358
0.313000 1.928228
0.314000 1.931344
0.315000 1.926077
0.316000 1.918895
0.317000 1.905265
0.318000 1.909529
0.319000 1.907768
0.320000 1.906013
0.321000 1.896900
0.322000 1.889921
0.323000 1.883449
0.324000 1.878228
0.325000 1.869702
0.326000 1.871063
0.327000 1.867765
0.328000 1.857883
0.329000 1.847762
0.330000 1.846152
0.331000 1.849451
0.332000 1.849035
0.333000 1.849885
0.334000 1.842150
0.335000 1.846759
0.336000 1.849071
0.337000 1.842667
0.338000 1.832383
0.339000 1.836069
0.340000 1.832893
0.341000 1.830096
0.342000 1.819217
0.343000 1.805246
0.344000 1.811056
0.345000 1.813577
0.346000 1.811026
0.347000 1.809057
0.348000 1.820905
0.349000 1.814961
0.350000 1.815700
0.351000 1.813122
0.352000 1.811105
0.353000 1.798952
0.354000 1.808211
0.355000 1.804384
0.356000 1.798540
0.357000 1.798801
0.358000 1.809675
0.359000 1.806628
0.360000 1.800118
0.361000 1.796130
0.362000 1.798050
0.363000 1.794555
0.364000 1.786269
0.365000 1.781758
0.366000 1.768985
0.367000 1.768135
0.368000 1.765581
0.369000 1.772389
0.370000 1.765478
0.371000 1.753928
0.372000 1.751662
0.373000 1.742286
0.374000 1.741243
0.375000 1.735251
0.376000 1.737584
0.377000 1.740953
0.378000 1.731183
0.379000 1.727961
0.380000 1.722393
0.381000 1.718196
0.382000 1.714113
0.383000 1.701735
0.384000 1.696934
0.385000 1.692366
0.386000 1.685148
0.387000 1.684757
0.388000 1.682472
0.389000 1.681094
0.390000 1.673754
0.391000 1.669375
0.392000 1.671994
0.393000 1.671011
0.394000 1.667826
0.395000 1.666183
0.396000 1.662183
0.397000 1.662636
0.398000 1.654872
0.399000 1.651339
0.400000 1.652705
0.401000 1.653126
0.402000 1.643541
0.403000 1.638677
0.404000 1.647576
0.405000 1.648620
0.406000 1.649246
0.407000 1.643383
0.408000 1.643626
0.409000 1.633826
0.410000 1.642083
0.411000 1.633996
0.412000 1.628731
0.413000 1.617210
0.414000 1.615194
0.415000 1.609715
0.416000 1.612701
0.417000 1.604358
0.418000 1.602717
0.419000 1.592746
0.420000 1.581823
0.421000 1.582049
0.422000 1.585615
0.423000 1.581572
0.424000 1.580279
0.425000 1.570333
0.426000 1.575049
0.427000 1.577547
0.428000 1.565975
0.429000 1.567592
0.430000 1.557478
0.431000 1.554696
0.432000 1.546513
0.433000 1.539936
0.434000 1.544636
0.435000 1.542855
0.436000 1.542353
0.437000 1.540822
0.438000 1.546591
0.439000 1.542167
0.440000 1.538881
0.441000 1.538290
0.442000 1.532630
0.443000 1.531512
0.444000 1.537168
0.445000 1.527724
0.446000 1.531588
0.447000 1.526187
0.448000 1.521397
0.449000 1.511134
0.450000 1.507449
0.451000 1.500642
0.452000 1.498463
0.453000 1.509066
0.454000 1.499311
0.455000 1.497251
0.456000 1.486121
0.457000 1.488526
0.458000 1.491692
0.459000 1.487040
0.460000 1.486631
0.461000 1.488095
0.462000 1.490624
0.463000 1.481482
0.464000 1.477080
0.465000 1.480142
0.466000 1.485758
0.467000 1.489383
0.468000 1.481342
0.469000 1.480043
0.470000 1.482396
0.471000 1.481049
0.472000 1.478270
0.473000 1.466441
0.474000 1.463586
0.475000 1.462741
0.476000 1.458053
0.477000 1.458876
0.478000 1.457299
0.479000 1.453861
0.480000 1.448426
0.481000 1.444154
0.482000 1.451365
0.483000 1.446485
0.484000 1.455406
0.485000 1.463413
0.486000 1.453935
0.487000 1.454773
0.488000 1.446460
0.489000 1.439299
0.490000 1.430961
0.491000 1.428343
0.492000 1.423272
0.493000 1.425437
0.494000 1.425700
0.495000 1.425880
0.496000 1.418746
0.497000 1.416624
0.498000 1.417920
0.499000 1.418741
0.500000 1.410780
0.501000 1.406201
0.502000 1.416576
0.503000 1.425835
0.504000 1.423830
0.505000 1.414949
0.506000 1.414454
0.507000 1.423291
0.508000 1.423974
0.509000 1.429715
0.510000 1.436810
0.511000 1.420850
0.512000 1.418879
0.513000 1.404268
0.514000 1.398007
0.515000 1.387721
0.516000 1.390948
0.517000 1.382186
0.518000 1.375792
0.519000 1.365396
0.520000 1.366925
0.521000 1.372844
0.522000 1.363293
0.523000 1.362324
0.524000 1.360413
0.525000 1.354584
0.526000 1.338915
0.527000 1.349110
0.528000 1.353131
0.529000 1.349666
0.530000 1.347574
0.531000 1.355766
0.532000 1.350410
0.533000 1.335367
0.534000 1.342051
0.535000 1.331921
0.536000 1.326121
0.537000 1.315000
0.538000 1.312393
0.539000 1.311777
0.540000 1.302995
0.541000 1.304718
0.542000 1.312778
0.543000 1.315555
0.544000 1.315373
0.545000 1.309668
0.546000 1.315927
0.547000 1.312482
0.548000 1.308566
0.549000 1.301931
0.550000 1.309423
0.551000 1.308060
0.552000 1.310505
0.553000 1.308439
0.554000 1.310957
0.555000 1.292932
0.556000 1.282937
0.557000 1.278137
0.558000 1.265663
0.559000 1.266818
0.560000 1.265878
0.561000 1.262501
0.562000 1.259005
0.563000 1.259000
0.564000 1.253485
0.565000 1.240158
0.566000 1.227424
0.567000 1.219088
0.568000 1.206511
0.569000 1.198232
0.570000 1.210543
0.571000 1.217954
0.572000 1.211081
0.573000 1.209735
0.574000 1.217418
0.575000 1.224918
0.576000 1.223292
0.577000 1.231923
0.578000 1.225549
0.579000 1.225450
0.580000 1.232145
0.581000 1.236168
0.582000 1.235376
0.583000 1.238563
0.584000 1.235930
0.585000 1.236857
0.586000 1.243213
0.587000 1.231351
0.588000 1.214272
0.589000 1.213808
0.590000 1.221959
0.591000 1.222023
0.592000 1.215833
0.593000 1.209517
0.594000 1.200466
0.595000 1.197226
0.596000 1.191466
0.597000 1.192248
0.598000 1.194293
0.599000 1.191140
0.600000 1.185280
0.601000 1.190276
0.602000 1.184171
0.603000 1.191095
0.604000 1.186168
0.605000 1.185631
0.606000 1.173868
0.607000 1.172342
0.608000 1.179055
0.609000 1.170280
0.610000 1.185406
0.611000 1.191068
0.612000 1.171262
0.613000 1.175093
0.614000 1.168386
0.615000 1.159942
0.616000 1.164288
0.617000 1.148745
0.618000 1.144506
0.619000 1.145794
0.620000 1.157154
0.621000 1.154485
0.622000 1.156874
0.623000 1.155676
0.624000 1.159722
0.625000 1.160085
0.626000 1.154331
0.627000 1.157865
0.628000 1.151459
0.629000 1.140535
0.630000 1.144977
0.631000 1.148186
0.632000 1.155144
0.633000 1.153556
0.634000 1.150429
0.635000 1.147554
0.636000 1.152032
0.637000 1.153158
0.638000 1.146994
0.639000 1.157729
0.640000 1.154728
0.641000 1.157632
0.642000 1.162593
0.643000 1.152902
0.644000 1.150092
0.645000 1.151507
0.646000 1.154712
0.647000 1.145330
0.648000 1.141120
0.649000 1.145829
0.650000 1.154363
0.651000 1.154422
0.652000 1.145799
0.653000 1.138847
0.654000 1.138239
0.655000 1.127426
0.656000 1.128110
0.657000 1.121149
0.658000 1.130617
0.659000 1.140189
0.660000 1.143639
0.661000 1.144538
0.662000 1.139571
0.663000 1.141270
0.664000 1.147547
0.665000 1.134543
0.666000 1.133029
0.667000 1.132032
0.668000 1.128473
0.669000 1.136158
0.670000 1.125326
0.671000 1.124487
0.672000 1.119956
0.673000 1.121649
0.674000 1.113304
0.675000 1.119666
0.676000 1.120750
0.677000 1.124711
0.678000 1.118873
0.679000 1.122007
0.680000 1.113113
0.681000 1.105744
0.682000 1.095485
0.683000 1.099254
0.684000 1.091376
0.685000 1.096414
0.686000 1.093187
0.687000 1.093855
0.688000 1.095394
0.689000 1.086978
0.690000 1.093397
0.691000 1.085437
0.692000 1.082192
0.693000 1.083271
0.694000 1.087055
0.695000 1.080164
0.696000 1.074748
0.697000 1.069910
0.698000 1.055268
0.699000 1.049453
0.700000 1.032512
0.701000 1.038258
0.702000 1.029604
0.703000 1.024133
0.704000 1.028617
0.705000 1.031703
0.706000 1.027063
0.707000 1.028581
0.708000 1.029418
0.709000 1.021299
0.710000 1.029843
0.711000 1.027121
0.712000 1.020553
0.713000 1.029785
0.714000 1.031235
0.715000 1.037627
0.716000 1.036747
0.717000 1.029475
0.718000 1.032743
0.719000 1.036551
0.720000 1.040084
0.721000 1.040456
0.722000 1.025745
0.723000 1.029334
0.724000 1.024393
0.725000 1.022780
0.726000 1.029801
0.727000 1.025602
0.728000 1.018143
0.729000 1.018006
0.730000 1.026274
0.731000 1.022153
0.732000 1.020726
0.733000 1.020257
0.734000 1.034510
0.735000 1.036453
0.736000 1.039356
0.737000 1.045515
0.738000 1.044022
0.739000 1.053907
0.740000 1.066477
0.741000 1.064758
0.742000 1.050991
0.743000 1.044456
0.744000 1.054867
0.745000 1.047339
0.746000 1.035964
0.747000 1.042028
0.748000 1.041128
0.749000 1.037102
0.750000 1.035396
0.751000 1.033627
0.752000 1.045111
0.753000 1.046786
0.754000 1.042937
0.755000 1.043231
0.756000 1.043539
0.757000 1.039671
0.758000 1.037963
0.759000 1.039041
0.760000 1.041421
0.761000 1.044844
0.762000 1.043151
0.763000 1.032191
0.764000 1.027593
0.765000 1.028435
0.766000 1.038608
0.767000 1.034830
0.768000 1.044921
0.769000 1.026593
0.770000 1.023183
0.771000 1.021395
0.772000 1.018152
0.773000 1.015598
0.774000 1.021354
0.775000 1.025012
0.776000 1.016990
0.777000 1.032827
0.778000 1.033470
0.779000 1.032500
0.780000 1.025213
0.781000 1.026852
0.782000 1.032539
0.783000 1.040558
0.784000 1.039620
0.785000 1.037510
0.786000 1.034698
0.787000 1.028449
0.788000 1.031320
0.789000 1.034913
0.790000 1.032252
0.791000 1.032873
0.792000 1.027733
0.793000 1.032618
0.794000 1.035093
0.795000 1.029908
0.796000 1.029306
0.797000 1.031859
0.798000 1.038315
0.799000 1.046797
0.800000 1.042891
0.801000 1.048345
0.802000 1.049921
0.803000 1.045873
0.804000 1.050561
0.805000 1.052896
0.806000 1.057384
0.807000 1.063616
0.808000 1.052599
0.809000 1.055390
0.810000 1.053769
0.811000 1.055974
0.812000 1.064460
0.813000 1.062653
0.814000 1.057511
0.815000 1.050618
0.816000 1.040212
0.817000 1.045199
0.818000 1.052648
0.819000 1.038984
0.820000 1.038101
0.821000 1.046360
0.822000 1.039750
0.823000 1.038345
0.824000 1.039692
0.825000 1.045465
0.826000 1.041486
0.827000 1.045190
0.828000 1.044877
0.829000 1.040367
0.830000 1.041433
0.831000 1.031289
0.832000 1.028986
0.833000 1.025133
0.834000 1.018888
0.835000 1.023333
0.836000 1.011875
0.837000 1.021974
0.838000 1.013782
0.839000 1.014574
0.840000 1.010039
0.841000 1.005949
0.842000 1.007686
0.843000 1.008773
0.844000 0.998841
0.845000 0.998031
0.846000 1.000131
0.847000 1.011686
0.848000 1.021211
0.849000 1.017622
0.850000 1.018339
0.851000 1.022001
0.852000 1.015225
0.853000 1.012319
0.854000 1.015474
0.855000 1.022397
0.856000 1.019728
0.857000 1.026648
0.858000 1.029315
0.859000 1.034666
0.860000 1.041382
0.861000 1.033483
0.862000 1.034252
0.863000 1.037946
0.864000 1.031727
0.865000 1.039306
0.866000 1.043566
0.867000 1.044028
0.868000 1.048504
0.869000 1.044214
0.870000 1.040100
0.871000 1.044210
0.872000 1.045615
0.873000 1.058528
0.874000 1.069717
0.875000 1.071107
0.876000 1.069689
0.877000 1.062134
0.878000 1.056705
0.879000 1.059182
0.880000 1.069672
0.881000 1.062469
0.882000 1.065361
0.883000 1.056445
0.884000 1.062347
0.885000 1.052504
0.886000 1.065612
0.887000 1.062063
0.888000 1.063610
0.889000 1.057268
0.890000 1.057966
0.891000 1.044135
0.892000 1.041903
0.893000 1.041493
0.894000 1.038582
0.895000 1.038825
0.896000 1.037573
0.897000 1.033075
0.898000 1.030666
0.899000 1.020297
0.900000 1.021337
0.901000 1.023227
0.902000 1.024459
0.903000 1.029085
0.904000 1.029612
0.905000 1.013735
0.906000 1.012767
0.907000 1.018122
0.908000 1.031149
0.909000 1.035180
0.910000 1.043001
0.911000 1.044191
0.912000 1.036144
0.913000 1.024270
0.914000 1.030227
0.915000 1.038217
0.916000 1.046208
0.917000 1.038143
0.918000 1.043367
0.919000 1.051594
0.920000 1.051465
0.921000 1.056449
0.922000 1.061958
0.923000 1.064213
0.924000 1.067383
0.925000 1.076128
0.926000 1.071468
0.927000 1.075780
0.928000 1.081414
0.929000 1.076671
0.930000 1.078017
0.931000 1.077747
0.932000 1.070209
0.933000 1.076431
0.934000 1.074844
0.935000 1.073207
0.936000 1.068256
0.937000 1.060043
0.938000 1.055032
0.939000 1.045202
0.940000 1.045067
0.941000 1.041785
0.942000 1.034370
0.943000 1.035035
0.944000 1.038726
0.945000 1.046431
0.946000 1.048359
0.947000 1.043099
0.948000 1.051766
0.949000 1.053613
0.950000 1.059518
0.951000 1.060075
0.952000 1.059753
0.953000 1.062608
0.954000 1.057742
0.955000 1.068039
0.956000 1.076894
0.957000 1.079801
0.958000 1.090737
0.959000 1.095933
0.960000 1.097430
0.961000 1.090526
0.962000 1.088876
0.963000 1.095274
0.964000 1.099948
0.965000 1.086504
0.966000 1.073379
0.967000 1.073082
0.968000 1.073256
0.969000 1.081713
0.970000 1.091972
0.971000 1.092646
0.972000 1.103668
0.973000 1.107230
0.974000 1.107059
0.975000 1.102269
0.976000 1.099680
0.977000 1.106920
0.978000 1.118151
0.979000 1.117830
0.980000 1.109231
0.981000 1.100824
0.982000 1.097201
0.983000 1.081563
0.984000 1.084508
0.985000 1.095695
0.986000 1.097712
0.987000 1.101993
0.988000 1.108030
0.989000 1.111029
0.990000 1.118005
0.991000 1.118985
0.992000 1.122017
0.993000 1.125203
0.994000 1.116324
0.995000 1.121151
0.996000 1.119067
0.997000 1.109131
0.998000 1.109354
0.999000 1.108869
1.000000 1.094702
1.001000 1.095355
1.002000 1.098662
1.003000 1.116294
1.004000 1.114497
1.005000 1.106298
1.006000 1.114480
1.007000 1.117798
1.008000 1.116852
1.009000 1.130598
1.010000 1.136293
1.011000 1.144577
1.012000 1.147876
1.013000 1.156823
1.014000 1.165523
1.015000 1.167238
1.016000 1.178039
1.017000 1.176034
1.018000 1.172763
1.019000 1.177116
1.020000 1.176641
1.021000 1.168160
1.022000 1.171992
1.023000 1.170096
1.024000 1.160887
1.025000 1.160765
1.026000 1.164891
1.027000 1.162620
1.028000 1.154310
1.029000 1.161057
1.030000 1.157505
1.031000 1.164018
1.032000 1.161079
1.033000 1.174124
1.034000 1.183455
1.035000 1.183195
1.036000 1.186114
1.037000 1.193830
1.038000 1.194036
1.039000 1.197138
1.040000 1.194369
1.041000 1.193429
1.042000 1.200628
1.043000 1.205063
1.044000 1.207408
1.045000 1.216498
1.046000 1.214365
1.047000 1.219884
1.048000 1.214605
1.049000 1.221955
1.050000 1.230956
1.051000 1.222320
1.052000 1.228318
1.053000 1.233114
1.054000 1.232544
1.055000 1.241672
1.056000 1.236748
1.057000 1.240863
1.058000 1.249515
1.059000 1.245222
1.060000 1.251983
1.061000 1.257352
1.062000 1.264186
1.063000 1.265820
1.064000 1.267418
1.065000 1.279713
1.066000 1.278060
1.067000 1.276974
1.068000 1.273127
1.069000 1.284156
1.070000 1.275228
1.071000 1.278462
1.072000 1.287236
1.073000 1.287879
1.074000 1.295704
1.075000 1.297641
1.076000 1.299427
1.077000 1.312253
1.078000 1.316122
1.079000 1.325361
1.080000 1.327506
1.081000 1.323156
1.082000 1.333894
1.083000 1.346902
1.084000 1.349205
1.085000 1.348637
1.086000 1.349656
1.087000 1.354342
1.088000 1.353941
1.089000 1.349409
1.090000 1.345838
1.091000 1.348319
1.092000 1.338789
1.093000 1.339850
1.094000 1.344546
1.095000 1.350801
1.096000 1.361354
1.097000 1.365877
1.098000 1.360876
1.099000 1.346800
1.100000 1.342733
1.101000 1.337919
1.102000 1.339157
1.103000 1.349144
1.104000 1.355489
1.105000 1.355330
1.106000 1.363772
1.107000 1.364239
1.108000 1.362880
1.109000 1.374493
1.110000 1.370642
1.111000 1.375124
1.112000 1.376106
1.113000 1.378087
1.114000 1.381805
1.115000 1.384840
1.116000 1.382452
1.117000 1.388522
1.118000 1.391145
1.119000 1.383468
1.120000 1.383559
1.121000 1.387717
1.122000 1.396933
1.123000 1.397850
1.124000 1.399344
1.125000 1.412242
1.126000 1.418350
1.127000 1.426865
1.128000 1.422621
1.129000 1.428289
1.130000 1.432255
1.131000 1.436542
1.132000 1.433547
1.133000 1.437305
1.134000 1.428156
1.135000 1.430577
1.136000 1.433637
1.137000 1.433545
1.138000 1.433651
1.139000 1.431962
1.140000 1.430666
1.141000 1.433467
1.142000 1.434000
1.143000 1.430787
1.144000 1.420474
1.145000 1.425869
1.146000 1.437147
1.147000 1.437775
1.148000 1.438297
1.149000 1.437930
1.150000 1.443279
1.151000 1.448035
1.152000 1.451973
1.153000 1.471877
1.154000 1.474796
1.155000 1.480436
1.156000 1.486163
1.157000 1.495043
1.158000 1.500455
1.159000 1.516159
1.160000 1.515692
1.161000 1.525239
1.162000 1.528765
1.163000 1.534453
1.164000 1.527425
1.165000 1.526829
1.166000 1.524387
1.167000 1.530367
1.168000 1.531095
1.169000 1.542230
1.170000 1.538723
1.171000 1.538014
1.172000 1.531466
1.173000 1.542996
1.174000 1.541599
1.175000 1.546300
1.176000 1.551373
1.177000 1.552473
1.178000 1.553660
1.179000 1.554552
1.180000 1.547527
1.181000 1.558096
1.182000 1.546105
1.183000 1.553217
1.184000 1.559714
1.185000 1.555024
1.186000 1.559058
1.187000 1.564026
1.188000 1.570934
1.189000 1.571023
1.190000 1.567066
1.191000 1.574915
1.192000 1.595214
1.193000 1.603972
1.194000 1.612606
1.195000 1.609072
1.196000 1.607592
1.197000 1.604757
1.198000 1.606364
1.199000 1.616984
1.200000 1.622043
1.201000 1.619238
1.202000 1.621541
1.203000 1.616760
1.204000 1.613367
1.205000 1.614997
1.206000 1.618526
1.207000 1.613491
1.208000 1.604808
1.209000 1.607436
1.210000 1.614176
1.211000 1.628115
1.212000 1.621699
1.213000 1.622932
1.214000 1.628901
1.215000 1.623564
1.216000 1.623565
1.217000 1.623449
1.218000 1.628522
1.219000 1.619602
1.220000 1.624677
1.221000 1.635275
1.222000 1.651573
1.223000 1.657388
1.224000 1.665066
1.225000 1.663257
1.226000 1.659590
1.227000 1.669290
1.228000 1.672863
1.229000 1.686787
1.230000 1.690251
1.231000 1.692105
1.232000 1.697060
1.233000 1.688173
1.234000 1.696702
1.235000 1.699917
1.236000 1.702045
1.237000 1.695657
1.238000 1.698465
1.239000 1.697529
1.240000 1.695394
1.241000 1.700591
1.242000 1.712212
1.243000 1.719486
1.244000 1.730978
1.245000 1.742030
1.246000 1.738138
1.247000 1.735816
1.248000 1.740596
1.249000 1.751003
1.250000 1.741028
1.251000 1.733382
1.252000 1.740298
1.253000 1.746009
1.254000 1.731517
1.255000 1.729276
1.256000 1.721395
1.257000 1.722470
1.258000 1.720961
1.259000 1.733269
1.260000 1.735618
1.261000 1.737435
1.262000 1.726890
1.263000 1.728723
1.264000 1.732912
1.265000 1.727487
1.266000 1.725374
1.267000 1.725124
1.268000 1.728392
1.269000 1.730317
1.270000 1.724761
1.271000 1.726036
1.272000 1.733761
1.273000 1.739397
1.274000 1.734888
1.275000 1.747658
1.276000 1.752691
1.277000 1.751135
1.278000 1.758740
1.279000 1.762264
1.280000 1.756059
1.281000 1.753110
1.282000 1.747152
1.283000 1.757184
1.284000 1.754321
1.285000 1.759968
1.286000 1.765571
1.287000 1.765352
1.288000 1.760222
1.289000 1.767810
1.290000 1.772404
1.291000 1.776998
1.292000 1.779481
1.293000 1.787056
1.294000 1.788576
1.295000 1.786086
1.296000 1.794552
1.297000 1.799659
1.298000 1.802550
1.299000 1.807357
1.300000 1.796533
1.301000 1.808091
1.302000 1.815263
1.303000 1.814949
1.304000 1.821351
1.305000 1.819535
1.306000 1.827320
1.307000 1.827313
1.308000 1.829183
1.309000 1.841055
1.310000 1.834613
1.311000 1.853073
1.312000 1.856434
1.313000 1.865206
1.314000 1.865014
1.315000 1.869699
1.316000 1.870255
1.317000 1.869296
1.318000 1.870085
1.319000 1.868754
1.320000 1.875912
1.321000 1.876318
1.322000 1.881309
1.323000 1.880011
1.324000 1.881506
1.325000 1.884511
1.326000 1.881630
1.327000 1.885814
1.328000 1.894022
1.329000 1.899153
1.330000 1.904418
1.331000 1.901662
1.332000 1.898130
1.333000 1.905627
1.334000 1.909741
1.335000 1.909304
1.336000 1.915171
1.337000 1.916524
1.338000 1.921247
1.339000 1.917526
1.340000 1.920431
1.341000 1.920003
1.342000 1.924562
1.343000 1.931239
1.344000 1.929331
1.345000 1.944343
1.346000 1.953219
1.347000 1.955953
1.348000 1.958636
1.349000 1.957809
1.350000 1.965699
1.351000 1.965369
1.352000 1.969749
1.353000 1.977128
1.354000 1.991371
1.355000 2.000545
1.356000 2.001264
1.357000 1.998687
1.358000 2.003103
1.359000 2.007734
1.360000 2.009295
1.361000 2.018205
1.362000 2.024367
1.363000 2.031112
1.364000 2.037365
1.365000 2.037565
1.366000 2.058888
1.367000 2.061163
1.368000 2.066438
1.369000 2.068175
1.370000 2.068388
1.371000 2.063357
1.372000 2.062329
1.373000 2.064272
1.374000 2.063701
1.375000 2.071151
1.376000 2.070340
1.377000 2.070145
1.378000 2.064493
1.379000 2.063141
1.380000 2.065057
1.381000 2.068553
1.382000 2.076558
1.383000 2.077813
1.384000 2.078358
1.385000 2.085537
1.386000 2.086584
1.387000 2.079311
1.388000 2.088230
1.389000 2.097681
1.390000 2.099612
1.391000 2.098592
1.392000 2.099439
1.393000 2.092242
1.394000 2.093373
1.395000 2.105852
1.396000 2.127347
1.397000 2.136570
1.398000 2.130402
1.399000 2.122420
1.400000 2.116747
1.401000 2.138309
1.402000 2.148400
1.403000 2.153619
1.404000 2.158353
1.405000 2.166209
1.406000 2.182329
1.407000 2.182874
1.408000 2.199210
1.409000 2.208257
1.410000 2.209629
1.411000 2.216971
1.412000 2.219199
1.413000 2.228224
1.414000 2.232513
1.415000 2.243673
1.416000 2.233320
1.417000 2.250279
1.418000 2.252456
1.419000 2.251796
1.420000 2.258450
1.421000 2.246465
1.422000 2.257135
1.423000 2.262151
1.424000 2.258139
1.425000 2.265313
1.426000 2.265368
1.427000 2.268181
1.428000 2.280510
1.429000 2.269230
1.430000 2.265750
1.431000 2.277706
1.432000 2.292101
1.433000 2.297985
1.434000 2.294891
1.435000 2.293930
1.436000 2.299280
1.437000 2.298454
1.438000 2.300658
1.439000 2.299341
1.440000 2.304651
1.441000 2.307089
1.442000 2.307773
1.443000 2.314766
1.444000 2.339313
1.445000 2.337289
1.446000 2.344694
1.447000 2.352547
1.448000 2.357173
1.449000 2.379350
1.450000 2.380460
1.451000 2.384498
1.452000 2.386826
1.453000 2.378434
1.454000 2.379043
1.455000 2.380167
1.456000 2.388738
1.457000 2.400890
1.458000 2.405549
1.459000 2.412969
1.460000 2.424526
1.461000 2.422500
1.462000 2.424797
1.463000 2.421737
1.464000 2.431043
1.465000 2.438529
1.466000 2.442965
1.467000 2.456626
1.468000 2.465353
1.469000 2.460608
1.470000 2.464855
1.471000 2.455683
1.472000 2.460517
1.473000 2.469359
1.474000 2.476601
1.475000 2.486998
1.476000 2.493785
1.477000 2.508325
1.478000 2.502509
1.479000 2.513961
1.480000 2.520520
1.481000 2.521342
1.482000 2.522998
1.483000 2.536969
1.484000 2.534538
1.485000 2.529331
1.486000 2.537778
1.487000 2.542969
1.488000 2.543466
1.489000 2.537265
1.490000 2.543767
1.491000 2.538618
1.492000 2.538465
1.493000 2.544839
1.494000 2.549849
1.495000 2.559433
1.496000 2.549754
1.497000 2.556965
1.498000 2.554458
1.499000 2.553275
1.500000 2.558398
1.501000 2.559575
1.502000 2.573194
1.503000 2.584689
1.504000 2.589991
1.505000 2.596516
1.506000 2.611931
1.507000 2.618663
1.508000 2.625506
1.509000 2.633511
1.510000 2.633217
1.511000 2.634984
1.512000 2.638316
1.513000 2.635357
1.514000 2.639473
1.515000 2.637930
1.516000 2.637863
1.517000 2.653870
1.518000 2.654184
1.519000 2.670819
1.520000 2.667562
1.521000 2.672292
1.522000 2.679300
1.523000 2.674893
1.524000 2.671992
1.525000 2.674162
1.526000 2.676772
1.527000 2.682164
1.528000 2.687237
1.529000 2.686818
1.530000 2.701228
1.531000 2.703337
1.532000 2.708983
1.533000 2.720582
1.534000 2.712585
1.535000 2.717303
1.536000 2.720351
1.537000 2.724117
1.538000 2.730009
1.539000 2.737079
1.540000 2.735988
1.541000 2.738706
1.542000 2.744866
1.543000 2.751964
1.544000 2.761298
1.545000 2.760808
1.546000 2.763940
1.547000 2.781780
1.548000 2.787031
1.549000 2.798321
1.550000 2.790280
1.551000 2.793428
1.552000 2.797581
1.553000 2.795948
1.554000 2.801273
1.555000 2.803421
1.556000 2.799550
1.557000 2.801012
1.558000 2.809379
1.559000 2.820124
1.560000 2.825149
1.561000 2.829129
1.562000 2.826683
1.563000 2.832740
1.564000 2.823607
1.565000 2.824905
1.566000 2.835641
1.567000 2.850094
1.568000 2.847613
1.569000 2.846197
1.570000 2.857050
1.571000 2.849303
1.572000 2.858923
1.573000 2.857075
1.574000 2.861826
1.575000 2.870027
1.576000 2.877986
1.577000 2.883961
1.578000 2.888800
1.579000 2.900650
1.580000 2.910391
1.581000 2.918797
1.582000 2.929083
1.583000 2.927744
1.584000 2.917262
1.585000 2.918668
1.586000 2.910379
1.587000 2.913176
1.588000 2.919641
1.589000 2.924593
1.590000 2.926656
1.591000 2.940894
1.592000 2.955452
1.593000 2.954908
1.594000 2.970953
1.595000 2.975368
1.596000 2.982172
1.597000 2.988891
1.598000 2.985464
1.599000 2.988602
1.600000 2.992406
1.601000 2.989068
1.602000 2.987866
1.603000 2.988823
1.604000 2.993424
1.605000 2.998296
1.606000 2.992975
1.607000 2.993155
1.608000 2.995740
1.609000 3.002473
1.610000 3.008558
1.611000 3.007289
1.612000 3.016155
1.613000 3.030918
1.614000 3.035852
1.615000 3.033720
1.616000 3.039366
1.617000 3.037269
1.618000 3.040506
1.619000 3.044585
1.620000 3.048310
1.621000 3.054496
1.622000 3.056926
1.623000 3.065761
1.624000 3.067826
1.625000 3.067841
1.626000 3.087127
1.627000 3.073189
1.628000 3.082839
1.629000 3.081289
1.630000 3.087920
1.631000 3.105372
1.632000 3.088507
1.633000 3.099579
1.634000 3.108026
1.635000 3.106061
1.636000 3.123693
1.637000 3.113405
1.638000 3.118234
1.639000 3.141362
1.640000 3.148673
1.641000 3.148369
1.642000 3.147314
1.643000 3.147280
1.644000 3.141287
1.645000 3.145151
1.646000 3.158977
1.647000 3.153730
1.648000 3.159101
1.649000 3.166180
1.650000 3.166461
1.651000 3.170489
1.652000 3.175240
1.653000 3.172214
1.654000 3.170587
1.655000 3.164608
1.656000 3.168762
1.657000 3.181998
1.658000 3.184718
1.659000 3.186376
1.660000 3.190385
1.661000 3.198747
1.662000 3.209764
1.663000 3.211093
1.664000 3.211508
1.665000 3.226803
1.666000 3.219603
1.667000 3.221197
1.668000 3.242120
1.669000 3.245068
1.670000 3.256383
1.671000 3.271673
1.672000 3.282749
1.673000 3.280109
1.674000 3.280876
1.675000 3.280901
1.676000 3.282455
1.677000 3.292890
1.678000 3.300972
1.679000 3.314101
1.680000 3.315851
1.681000 3.320059
1.682000 3.334195
1.683000 3.357476
1.684000 3.363272
1.685000 3.363460
1.686000 3.364104
1.687000 3.365982
1.688000 3.367776
1.689000 3.364491
1.690000 3.363816
1.691000 3.360418
1.692000 3.364349
1.693000 3.372957
1.694000 3.372560
1.695000 3.371028
1.696000 3.381720
1.697000 3.389443
1.698000 3.392224
1.699000 3.389803
1.700000 3.410594
1.701000 3.420539
1.702000 3.427524
1.703000 3.430010
1.704000 3.446019
1.705000 3.456874
1.706000 3.453742
1.707000 3.456383
1.708000 3.472078
1.709000 3.486491
1.710000 3.488110
1.711000 3.489726
1.712000 3.490749
1.713000 3.482366
1.714000 3.493290
1.715000 3.501824
1.716000 3.511565
1.717000 3.510938
1.718000 3.508467
1.719000 3.521196
1.720000 3.521004
1.721000 3.521035
1.722000 3.513070
1.723000 3.503688
1.724000 3.505553
1.725000 3.499350
1.726000 3.501944
1.727000 3.500427
1.728000 3.505298
1.729000 3.501041
1.730000 3.512704
1.731000 3.516386
1.732000 3.518018
1.733000 3.515970
1.734000 3.524906
1.735000 3.531885
1.736000 3.535294
1.737000 3.546976
1.738000 3.545822
1.739000 3.549168
1.740000 3.552263
1.741000 3.553637
1.742000 3.553691
1.743000 3.566527
1.744000 3.562466
1.745000 3.563400
1.746000 3.567070
1.747000 3.563351
1.748000 3.563930
1.749000 3.569410
1.750000 3.577398
1.751000 3.584365
1.752000 3.579742
1.753000 3.595117
1.754000 3.584284
1.755000 3.586688
1.756000 3.596491
1.757000 3.600625
1.758000 3.594234
1.759000 3.592115
1.760000 3.596518
1.761000 3.608329
1.762000 3.602522
1.763000 3.605875
1.764000 3.617532
1.765000 3.629849
1.766000 3.626838
1.767000 3.631142
1.768000 3.642670
1.769000 3.640552
1.770000 3.642772
1.771000 3.640839
1.772000 3.647173
1.773000 3.640581
1.774000 3.640886
1.775000 3.634648
1.776000 3.641010
1.777000 3.652660
1.778000 3.664306
1.779000 3.673274
1.780000 3.680797
1.781000 3.687862
1.782000 3.700912
1.783000 3.703516
1.784000 3.701038
1.785000 3.700227
1.786000 3.716403
1.787000 3.713624
1.788000 3.713804
1.789000 3.712646
1.790000 3.715648
1.791000 3.719316
1.792000 3.723962
1.793000 3.718040
1.794000 3.731804
1.795000 3.728239
1.796000 3.734362
1.797000 3.747818
1.798000 3.753288
1.799000 3.753485
1.800000 3.763647
1.801000 3.765748
1.802000 3.762438
1.803000 3.764532
1.804000 3.780566
1.805000 3.774328
1.806000 3.780798
1.807000 3.790599
1.808000 3.793404
1.809000 3.792012
1.810000 3.798001
1.811000 3.807825
1.812000 3.809795
1.813000 3.814177
1.814000 3.818085
1.815000 3.829177
1.816000 3.828678
1.817000 3.839543
1.818000 3.842530
1.819000 3.841819
1.820000 3.836279
1.821000 3.851510
1.822000 3.866292
1.823000 3.868723
1.824000 3.867610
1.825000 3.874718
1.826000 3.864757
1.827000 3.871079
1.828000 3.871595
1.829000 3.888477
1.830000 3.881917
1.831000 3.881291
1.832000 3.885739
1.833000 3.891171
1.834000 3.895032
1.835000 3.887864
1.836000 3.895627
1.837000 3.885840
1.838000 3.886987
1.839000 3.893586
1.840000 3.908374
1.841000 3.919698
1.842000 3.932360
1.843000 3.927968
1.844000 3.935301
1.845000 3.937262
1.846000 3.939766
1.847000 3.938455
1.848000 3.941193
1.849000 3.937116
1.850000 3.938453
1.851000 3.932853
1.852000 3.929276
1.853000 3.927526
1.854000 3.931838
1.855000 3.932848
1.856000 3.932702
1.857000 3.940347
1.858000 3.948735
1.859000 3.952113
1.860000 3.962549
1.861000 3.979052
1.862000 3.982723
1.863000 3.982365
1.864000 3.993269
1.865000 3.996453
1.866000 4.001610
1.867000 4.012738
1.868000 4.014284
1.869000 4.022130
1.870000 4.027389
1.871000 4.027294
1.872000 4.024891
1.873000 4.023877
1.874000 4.020535
1.875000 4.032247
1.876000 4.045217
1.877000 4.057068
1.878000 4.067398
1.879000 4.073406
1.880000 4.088755
1.881000 4.089627
1.882000 4.096826
1.883000 4.099147
1.884000 4.096591
1.885000 4.105887
1.886000 4.107666
1.887000 4.106948
1.888000 4.106983
1.889000 4.102740
1.890000 4.101648
1.891000 4.108006
1.892000 4.109515
1.893000 4.110427
1.894000 4.117381
1.895000 4.120061
1.896000 4.127828
1.897000 4.123687
1.898000 4.124165
1.899000 4.142180
1.900000 4.150107
1.901000 4.155572
1.902000 4.164611
1.903000 4.168253
1.904000 4.160430
1.905000 4.152038
1.906000 4.156738
1.907000 4.162785
1.908000 4.166717
1.909000 4.164608
1.910000 4.156080
1.911000 4.154371
1.912000 4.154377
1.913000 4.159217
1.914000 4.165447
1.915000 4.190137
1.916000 4.188544
1.917000 4.192431
1.918000 4.189680
1.919000 4.185659
1.920000 4.185846
1.921000 4.184224
1.922000 4.177044
1.923000 4.185893
1.924000 4.184320
1.925000 4.191663
1.926000 4.197340
1.927000 4.203662
1.928000 4.209872
1.929000 4.219624
1.930000 4.222474
1.931000 4.223371
1.932000 4.210545
1.933000 4.208949
1.934000 4.201355
1.935000 4.199799
1.936000 4.201836
1.937000 4.209987
1.938000 4.221011
1.939000 4.219939
1.940000 4.224870
1.941000 4.241746
1.942000 4.238673
1.943000 4.232664
1.944000 4.241950
1.945000 4.244757
1.946000 4.249173
1.947000 4.254378
1.948000 4.252860
1.949000 4.266046
1.950000 4.276915
1.951000 4.281538
1.952000 4.287915
1.953000 4.295408
1.954000 4.311416
1.955000 4.317934
1.956000 4.317619
1.957000 4.325265
1.958000 4.338947
1.959000 4.330921
1.960000 4.333814
1.961000 4.324428
1.962000 4.331077
1.963000 4.333798
1.964000 4.329045
1.965000 4.335070
1.966000 4.330993
1.967000 4.335704
1.968000 4.335268
1.969000 4.340705
1.970000 4.345936
1.971000 4.340906
1.972000 4.342045
1.973000 4.346071
1.974000 4.352504
1.975000 4.357186
1.976000 4.357808
1.977000 4.351840
1.978000 4.356852
1.979000 4.361181
1.980000 4.366485
1.981000 4.372197
1.982000 4.372506
1.983000 4.377674
1.984000 4.384032
1.985000 4.385796
1.986000 4.387888
1.987000 4.385613
1.988000 4.385774
1.989000 4.386506
1.990000 4.389559
1.991000 4.392076
1.992000 4.388175
1.993000 4.370727
1.994000 4.378116
1.995000 4.385479
1.996000 4.383937
1.997000 4.385108
1.998000 4.400648
1.999000 4.407854
2.000000 4.406482
2.001000 4.405316
2.002000 4.405160
2.003000 4.406227
2.004000 4.404515
2.005000 4.410028
2.006000 4.414986
2.007000 4.429769
2.008000 4.441338
2.009000 4.446132
2.010000 4.447086
2.011000 4.451908
2.012000 4.449905
2.013000 4.455276
2.014000 4.445931
2.015000 4.454134
2.016000 4.462311
2.017000 4.468761
2.018000 4.473449
2.019000 4.481162
2.020000 4.485341
2.021000 4.484835
2.022000 4.487405
2.023000 4.486833
2.024000 4.494035
2.025000 4.489285
2.026000 4.489402
2.027000 4.497909
2.028000 4.503974
2.029000 4.499085
2.030000 4.511695
2.031000 4.506077
2.032000 4.507359
2.033000 4.518107
2.034000 4.518368
2.035000 4.521305
2.036000 4.520220
2.037000 4.527077
2.038000 4.529650
2.039000 4.534494
2.040000 4.537489
2.041000 4.545577
2.042000 4.545493
2.043000 4.549833
2.044000 4.552260
2.045000 4.553750
2.046000 4.555009
2.047000 4.547687
2.048000 4.550490
2.049000 4.550180
2.050000 4.543032
2.051000 4.544702
2.052000 4.548009
2.053000 4.551975
2.054000 4.554122
2.055000 4.557381
2.056000 4.560681
2.057000 4.563735
2.058000 4.576852
2.059000 4.590131
2.060000 4.585775
2.061000 4.595329
2.062000 4.601936
2.063000 4.601904
2.064000 4.599654
2.065000 4.605501
2.066000 4.608424
2.067000 4.608419
2.068000 4.609747
2.069000 4.623773
2.070000 4.630615
2.071000 4.625842
2.072000 4.623045
2.073000 4.618278
2.074000 4.618708
2.075000 4.617216
2.076000 4.623332
2.077000 4.616029
2.078000 4.621676
2.079000 4.621844
2.080000 4.626534
2.081000 4.630424
2.082000 4.628515
2.083000 4.643403
2.084000 4.650959
2.085000 4.665346
2.086000 4.656089
2.087000 4.645391
2.088000 4.648960
2.089000 4.655299
2.090000 4.656266
2.091000 4.657566
2.092000 4.655292
2.093000 4.650409
2.094000 4.651858
2.095000 4.655961
2.096000 4.663537
2.097000 4.665320
2.098000 4.666749
2.099000 4.668847
2.100000 4.671642
2.101000 4.662872
2.102000 4.662617
2.103000 4.668089
2.104000 4.669706
2.105000 4.663447
2.106000 4.677319
2.107000 4.670198
2.108000 4.669776
2.109000 4.668472
2.110000 4.674352
2.111000 4.668662
2.112000 4.665809
2.113000 4.664518
2.114000 4.668317
2.115000 4.674430
2.116000 4.681319
2.117000 4.692088
2.118000 4.694451
2.119000 4.706509
2.120000 4.707918
2.121000 4.715880
2.122000 4.718110
2.123000 4.723798
2.124000 4.722415
2.125000 4.729741
2.126000 4.720290
2.127000 4.720520
2.128000 4.716621
2.129000 4.720758
2.130000 4.717300
2.131000 4.724082
2.132000 4.726172
2.133000 4.730596
2.134000 4.728950
2.135000 4.737755
2.136000 4.736826
2.137000 4.749462
2.138000 4.754317
2.139000 4.753246
2.140000 4.762393
2.141000 4.764233
2.142000 4.773280
2.143000 4.769466
2.144000 4.778344
2.145000 4.779694
2.146000 4.789792
2.147000 4.784659
2.148000 4.793008
2.149000 4.795379
2.150000 4.793029
2.151000 4.785153
2.152000 4.789476
2.153000 4.776822
2.154000 4.769250
2.155000 4.772015
2.156000 4.772281
2.157000 4.780398
2.158000 4.784944
2.159000 4.785390
2.160000 4.791633
2.161000 4.789632
2.162000 4.786711
2.163000 4.784090
2.164000 4.785378
2.165000 4.785267
2.166000 4.791028
2.167000 4.802903
2.168000 4.802392
2.169000 4.808320
2.170000 4.817032
2.171000 4.809212
2.172000 4.821088
2.173000 4.821684
2.174000 4.816975
2.175000 4.808398
2.176000 4.813324
2.177000 4.805548
2.178000 4.806897
2.179000 4.802384
2.180000 4.798023
2.181000 4.788581
2.182000 4.793059
2.183000 4.802699
2.184000 4.806114
2.185000 4.819946
2.186000 4.823014
2.187000 4.834870
2.188000 4.846582
2.189000 4.841281
2.190000 4.847445
2.191000 4.851957
2.192000 4.845347
2.193000 4.835928
2.194000 4.836791
2.195000 4.843633
2.196000 4.852535
2.197000 4.862136
2.198000 4.861190
2.199000 4.844666
2.200000 4.842640
2.201000 4.839838
2.202000 4.837265
2.203000 4.827714
2.204000 4.824020
2.205000 4.827674
2.206000 4.827817
2.207000 4.829622
2.208000 4.837006
2.209000 4.839943
2.210000 4.839189
2.211000 4.851538
2.212000 4.850830
2.213000 4.859024
2.214000 4.868223
2.215000 4.870297
2.216000 4.874378
2.217000 4.876856
2.218000 4.869632
2.219000 4.870021
2.220000 4.867701
2.221000 4.879681
2.222000 4.884382
2.223000 4.888103
2.224000 4.883692
2.225000 4.870174
2.226000 4.883718
2.227000 4.888855
2.228000 4.903958
2.229000 4.906641
2.230000 4.915920
2.231000 4.913972
2.232000 4.917498
2.233000 4.919674
2.234000 4.920047
2.235000 4.916778
2.236000 4.932166
2.237000 4.936121
2.238000 4.929603
2.239000 4.928681
2.240000 4.936696
2.241000 4.942329
2.242000 4.942734
2.243000 4.946496
2.244000 4.937230
2.245000 4.937439
2.246000 4.935099
2.247000 4.949367
2.248000 4.954407
2.249000 4.957514
2.250000 4.963118
2.251000 4.970991
2.252000 4.968328
2.253000 4.966770
2.254000 4.969686
2.255000 4.959516
2.256000 4.949455
2.257000 4.943297
2.258000 4.950434
2.259000 4.950993
2.260000 4.949353
2.261000 4.953389
2.262000 4.946087
2.263000 4.936341
2.264000 4.935072
2.265000 4.931042
2.266000 4.927851
2.267000 4.935139
2.268000 4.929567
2.269000 4.924358
2.270000 4.928087
2.271000 4.927792
2.272000 4.935246
2.273000 4.934308
2.274000 4.927122
2.275000 4.928528
2.276000 4.933429
2.277000 4.938214
2.278000 4.936804
2.279000 4.934839
2.280000 4.936582
2.281000 4.928570
2.282000 4.937305
2.283000 4.932626
2.284000 4.932114
2.285000 4.934036
2.286000 4.931858
2.287000 4.931002
2.288000 4.918571
2.289000 4.924862
2.290000 4.923389
2.291000 4.934526
2.292000 4.933522
2.293000 4.943141
2.294000 4.939797
2.295000 4.947696
2.296000 4.941169
2.297000 4.945484
2.298000 4.942797
2.299000 4.945481
2.300000 4.945216
2.301000 4.952123
2.302000 4.963933
2.303000 4.964249
2.304000 4.979426
2.305000 4.970067
2.306000 4.976978
2.307000 4.981397
2.308000 4.983126
2.309000 4.977532
2.310000 4.989828
2.311000 4.985654
2.312000 4.981961
2.313000 4.990644
2.314000 4.987689
2.315000 4.990232
2.316000 5.000822
2.317000 5.008130
2.318000 5.002334
2.319000 5.009810
2.320000 5.016283
2.321000 5.014325
2.322000 5.007308
2.323000 5.010019
2.324000 5.011373
2.325000 5.009389
2.326000 5.014694
2.327000 5.013860
2.328000 5.015482
2.329000 4.997553
2.330000 5.008650
2.331000 5.004603
2.332000 5.009225
2.333000 4.999244
2.334000 5.005136
2.335000 5.005782
2.336000 5.008482
2.337000 5.009811
2.338000 5.010961
2.339000 5.010636
2.340000 5.013571
2.341000 5.017930
2.342000 5.012301
2.343000 5.008488
2.344000 5.007664
2.345000 5.006029
2.346000 5.008745
2.347000 5.012861
2.348000 5.022868
2.349000 5.020489
2.350000 5.032163
2.351000 5.016620
2.352000 5.007293
2.353000 5.007486
2.354000 4.999793
2.355000 4.995671
2.356000 4.996029
2.357000 4.986149
2.358000 4.990643
2.359000 4.995076
2.360000 4.995145
2.361000 4.993051
2.362000 4.997464
2.363000 4.997323
2.364000 5.002701
2.365000 5.005030
2.366000 5.007695
2.367000 5.006269
2.368000 4.998510
2.369000 4.992320
2.370000 4.997544
2.371000 4.998951
2.372000 5.010315
2.373000 5.011395
2.374000 5.013735
2.375000 5.015474
2.376000 5.015205
2.377000 5.014117
2.378000 5.007812
2.379000 5.015472
2.380000 5.016678
2.381000 5.013913
2.382000 5.012344
2.383000 5.024321
2.384000 5.019258
2.385000 5.022822
2.386000 5.029491
2.387000 5.028319
2.388000 5.031909
2.389000 5.029074
2.390000 5.048714
2.391000 5.049590
2.392000 5.045587
2.393000 5.043998
2.394000 5.049664
2.395000 5.041037
2.396000 5.042542
2.397000 5.038892
2.398000 5.040163
2.399000 5.046436
2.400000 5.047158
2.401000 5.051077
2.402000 5.046298
2.403000 5.045890
2.404000 5.042397
2.405000 5.026155
2.406000 5.025739
2.407000 5.021276
2.408000 5.021239
2.409000 5.010054
2.410000 5.008804
2.411000 5.004365
2.412000 5.001895
2.413000 5.008099
2.414000 5.005270
2.415000 5.009693
2.416000 5.002050
2.417000 5.001256
2.418000 4.996969
2.419000 4.994571
2.420000 5.003565
2.421000 5.001819
2.422000 4.990846
2.423000 4.989053
2.424000 4.992853
2.425000 4.996830
2.426000 4.987270
2.427000 4.991328
2.428000 4.993007
2.429000 5.004442
2.430000 4.997227
2.431000 4.991763
2.432000 4.992611
2.433000 5.002092
2.434000 5.006526
2.435000 5.006407
2.436000 5.011040
2.437000 5.009555
2.438000 5.021744
2.439000 5.014927
2.440000 5.018281
2.441000 5.000231
2.442000 5.003764
2.443000 5.000719
2.444000 5.000407
2.445000 4.993620
2.446000 4.989692
2.447000 4.983535
2.448000 4.981769
2.449000 4.986303
2.450000 4.985560
2.451000 4.990488
2.452000 4.989915
2.453000 4.989920
2.454000 5.001444
2.455000 5.003522
2.456000 5.011729
2.457000 5.014729
2.458000 5.016302
2.459000 5.021136
2.460000 5.029540
2.461000 5.028775
2.462000 5.025217
2.463000 5.033880
2.464000 5.030069
2.465000 5.020379
2.466000 5.011902
2.467000 5.014900
2.468000 5.013834
2.469000 5.013511
2.470000 5.018091
2.471000 5.024559
2.472000 5.009470
2.473000 5.007180
2.474000 5.002436
2.475000 5.016352
2.476000 5.011359
2.477000 5.011367
2.478000 4.998346
2.479000 5.004641
2.480000 5.001030
2.481000 4.998891
2.482000 4.999642
2.483000 4.997071
2.484000 4.989928
2.485000 4.987366
2.486000 4.984507
2.487000 4.990490
2.488000 4.984821
2.489000 4.991524
2.490000 4.986388
2.491000 4.985177
2.492000 4.986481
2.493000 4.977724
2.494000 4.981789
2.495000 4.976819
2.496000 4.965756
2.497000 4.961732
2.498000 4.959953
2.499000 4.961246
2.500000 4.964326
2.501000 4.958489
2.502000 4.953821
2.503000 4.967083
2.504000 4.962360
2.505000 4.965958
2.506000 4.967712
2.507000 4.967320
2.508000 4.960991
2.509000 4.964314
2.510000 4.971358
2.511000 4.974739
2.512000 4.979984
2.513000 4.980797
2.514000 4.997752
2.515000 4.986632
2.516000 4.981406
2.517000 4.979022
2.518000 4.976184
2.519000 4.976757
2.520000 4.976367
2.521000 4.971750
2.522000 4.967254
2.523000 4.954076
2.524000 4.965217
2.525000 4.951100
2.526000 4.963351
2.527000 4.960742
2.528000 4.966231
2.529000 4.952534
2.530000 4.946665
2.531000 4.950194
2.532000 4.944467
2.533000 4.946015
2.534000 4.941994
2.535000 4.931583
2.536000 4.934966
2.537000 4.928785
2.538000 4.920697
2.539000 4.915014
2.540000 4.917249
2.541000 4.926150
2.542000 4.936702
2.543000 4.935864
2.544000 4.925967
2.545000 4.924253
2.546000 4.911972
2.547000 4.909059
2.548000 4.906540
2.549000 4.908583
2.550000 4.903763
2.551000 4.913129
2.552000 4.911041
2.553000 4.910068
2.554000 4.920820
2.555000 4.921536
2.556000 4.924102
2.557000 4.930758
2.558000 4.939930
2.559000 4.933046
2.560000 4.932590
2.561000 4.928446
2.562000 4.919401
2.563000 4.927809
2.564000 4.926554
2.565000 4.915390
2.566000 4.915761
2.567000 4.920172
2.568000 4.918945
2.569000 4.918410
2.570000 4.929427
2.571000 4.918706
2.572000 4.909083
2.573000 4.918354
2.574000 4.917783
2.575000 4.906534
2.576000 4.905143
2.577000 4.912594
2.578000 4.915287
2.579000 4.923661
2.580000 4.928173
2.581000 4.923397
2.582000 4.915765
2.583000 4.916134
2.584000 4.908154
2.585000 4.909127
2.586000 4.908398
2.587000 4.921903
2.588000 4.922124
2.589000 4.915136
2.590000 4.909415
2.591000 4.900913
2.592000 4.901557
2.593000 4.906541
2.594000 4.904644
2.595000 4.905629
2.596000 4.901272
2.597000 4.903915
2.598000 4.893598
2.599000 4.896261
2.600000 4.900661
2.601000 4.893006
2.602000 4.901347
2.603000 4.894942
2.604000 4.890966
2.605000 4.881741
2.606000 4.870293
2.607000 4.871940
2.608000 4.868404
2.609000 4.867953
2.610000 4.860698
2.611000 4.859741
2.612000 4.854039
2.613000 4.855699
2.614000 4.833356
2.615000 4.835892
2.616000 4.831081
2.617000 4.824174
2.618000 4.825051
2.619000 4.819804
2.620000 4.828272
2.621000 4.824722
2.622000 4.819540
2.623000 4.821503
2.624000 4.812459
2.625000 4.812287
2.626000 4.813440
2.627000 4.808940
2.628000 4.811718
2.629000 4.821133
2.630000 4.816549
2.631000 4.817138
2.632000 4.802161
2.633000 4.793107
2.634000 4.788942
2.635000 4.778167
2.636000 4.770591
2.637000 4.767143
2.638000 4.763460
2.639000 4.755663
2.640000 4.754072
2.641000 4.763964
2.642000 4.767248
2.643000 4.784579
2.644000 4.780379
2.645000 4.787004
2.646000 4.785875
2.647000 4.786690
2.648000 4.783175
2.649000 4.790591
2.650000 4.791070
2.651000 4.784157
2.652000 4.768699
2.653000 4.759090
2.654000 4.756954
2.655000 4.760188
2.656000 4.761602
2.657000 4.763924
2.658000 4.763757
2.659000 4.772176
2.660000 4.769806
2.661000 4.769695
2.662000 4.762864
2.663000 4.767778
2.664000 4.761665
2.665000 4.765161
2.666000 4.753720
2.667000 4.754227
2.668000 4.745768
2.669000 4.734334
2.670000 4.737362
2.671000 4.743163
2.672000 4.744828
2.673000 4.734307
2.674000 4.718649
2.675000 4.709713
2.676000 4.702642
2.677000 4.690985
2.678000 4.690427
2.679000 4.672710
2.680000 4.667029
2.681000 4.650239
2.682000 4.648566
2.683000 4.654439
2.684000 4.645442
2.685000 4.648654
2.686000 4.652508
2.687000 4.650928
2.688000 4.656207
2.689000 4.674571
2.690000 4.671066
2.691000 4.654002
2.692000 4.646509
2.693000 4.649654
2.694000 4.651612
2.695000 4.641592
2.696000 4.635418
2.697000 4.640574
2.698000 4.641050
2.699000 4.641006
2.700000 4.638664
2.701000 4.633518
2.702000 4.621482
2.703000 4.626311
2.704000 4.616945
2.705000 4.606457
2.706000 4.604254
2.707000 4.604573
2.708000 4.611875
2.709000 4.613665
2.710000 4.618018
2.711000 4.618512
2.712000 4.631427
2.713000 4.619667
2.714000 4.616713
2.715000 4.610475
2.716000 4.606156
2.717000 4.606125
2.718000 4.609500
2.719000 4.611242
2.720000 4.602447
2.721000 4.600502
2.722000 4.605567
2.723000 4.606334
2.724000 4.598278
2.725000 4.602966
2.726000 4.602055
2.727000 4.593579
2.728000 4.590694
2.729000 4.579856
2.730000 4.573384
2.731000 4.578416
2.732000 4.572508
2.733000 4.549479
2.734000 4.549609
2.735000 4.547240
2.736000 4.545826
2.737000 4.554834
2.738000 4.547049
2.739000 4.549969
2.740000 4.550178
2.741000 4.539048
2.742000 4.540642
2.743000 4.536008
2.744000 4.522330
2.745000 4.527617
2.746000 4.530808
2.747000 4.533064
2.748000 4.529959
2.749000 4.530423
2.750000 4.532202
2.751000 4.532252
2.752000 4.519475
2.753000 4.505127
2.754000 4.504959
2.755000 4.504025
2.756000 4.497695
2.757000 4.483167
2.758000 4.488075
2.759000 4.494522
2.760000 4.496096
2.761000 4.495668
2.762000 4.487008
2.763000 4.476063
2.764000 4.470717
2.765000 4.467209
2.766000 4.462061
2.767000 4.455884
2.768000 4.447284
2.769000 4.431717
2.770000 4.422526
2.771000 4.425416
2.772000 4.429114
2.773000 4.437769
2.774000 4.430835
2.775000 4.430306
2.776000 4.439264
2.777000 4.427265
2.778000 4.419609
2.779000 4.425638
2.780000 4.420487
2.781000 4.423310
2.782000 4.415270
2.783000 4.411370
2.784000 4.408268
2.785000 4.412229
2.786000 4.405460
2.787000 4.388852
2.788000 4.383613
2.789000 4.383042
2.790000 4.382908
2.791000 4.378640
2.792000 4.373816
2.793000 4.362144
2.794000 4.350557
2.795000 4.352078
2.796000 4.358310
2.797000 4.360290
2.798000 4.356074
2.799000 4.354100
2.800000 4.355778
2.801000 4.355133
2.802000 4.352136
2.803000 4.347226
2.804000 4.345697
2.805000 4.340792
2.806000 4.336723
2.807000 4.330191
2.808000 4.326324
2.809000 4.336775
2.810000 4.335299
2.811000 4.337833
2.812000 4.332837
2.813000 4.337626
2.814000 4.326866
2.815000 4.321131
2.816000 4.310361
2.817000 4.305933
2.818000 4.304107
2.819000 4.297898
2.820000 4.287960
2.821000 4.286407
2.822000 4.283388
2.823000 4.282712
2.824000 4.281550
2.825000 4.284770
2.826000 4.280899
2.827000 4.288858
2.828000 4.295740
2.829000 4.299774
2.830000 4.292485
2.831000 4.283608
2.832000 4.277735
2.833000 4.274751
2.834000 4.268171
2.835000 4.258544
2.836000 4.257783
2.837000 4.251982
2.838000 4.258511
2.839000 4.258894
2.840000 4.258821
2.841000 4.268567
2.842000 4.256681
2.843000 4.249012
2.844000 4.245771
2.845000 4.242960
2.846000 4.236160
2.847000 4.231272
2.848000 4.226194
2.849000 4.230645
2.850000 4.220751
2.851000 4.226000
2.852000 4.217212
2.853000 4.219161
2.854000 4.229074
2.855000 4.234025
2.856000 4.229976
2.857000 4.220653
2.858000 4.207637
2.859000 4.191007
2.860000 4.177341
2.861000 4.174931
2.862000 4.165651
2.863000 4.156786
2.864000 4.159398
2.865000 4.153653
2.866000 4.149833
2.867000 4.141289
2.868000 4.137408
2.869000 4.137891
2.870000 4.131206
2.871000 4.130061
2.872000 4.130473
2.873000 4.114767
2.874000 4.104577
2.875000 4.088794
2.876000 4.088419
2.877000 4.081281
2.878000 4.078753
2.879000 4.068004
2.880000 4.066002
2.881000 4.070820
2.882000 4.066153
2.883000 4.058531
2.884000 4.058025
2.885000 4.060845
2.886000 4.060017
2.887000 4.045542
2.888000 4.036890
2.889000 4.040393
2.890000 4.039823
2.891000 4.040404
2.892000 4.042729
2.893000 4.039295
2.894000 4.046902
2.895000 4.050325
2.896000 4.038381
2.897000 4.056330
2.898000 4.050527
2.899000 4.058803
2.900000 4.060596
2.901000 4.052871
2.902000 4.050070
2.903000 4.046904
2.904000 4.048519
2.905000 4.043238
2.906000 4.029629
2.907000 4.019777
2.908000 4.019869
2.909000 4.011505
2.910000 4.016733
2.911000 4.018611
2.912000 4.015515
2.913000 4.009765
2.914000 4.009528
2.915000 3.994919
2.916000 3.994950
2.917000 3.989092
2.918000 3.983308
2.919000 3.993685
2.920000 3.986369
2.921000 3.989154
2.922000 3.988435
2.923000 3.976115
2.924000 3.967698
2.925000 3.966045
2.926000 3.970923
2.927000 3.964746
2.928000 3.965573
2.929000 3.965288
2.930000 3.961120
2.931000 3.957885
2.932000 3.950704
2.933000 3.951051
2.934000 3.950536
2.935000 3.937700
2.936000 3.926000
2.937000 3.920907
2.938000 3.919958
2.939000 3.925066
2.940000 3.918252
2.941000 3.912920
2.942000 3.912425
2.943000 3.911545
2.944000 3.905598
2.945000 3.905049
2.946000 3.910334
2.947000 3.911189
2.948000 3.919676
2.949000 3.912275
2.950000 3.903709
2.951000 3.902463
2.952000 3.883679
2.953000 3.882771
2.954000 3.877484
2.955000 3.877901
2.956000 3.878918
2.957000 3.890402
2.958000 3.893989
2.959000 3.883330
2.960000 3.879535
2.961000 3.870511
2.962000 3.865630
2.963000 3.865524
2.964000 3.856754
2.965000 3.842059
2.966000 3.839137
2.967000 3.839424
2.968000 3.845546
2.969000 3.842054
2.970000 3.831656
2.971000 3.824115
2.972000 3.812539
2.973000 3.808380
2.974000 3.790244
2.975000 3.788037
2.976000 3.789153
2.977000 3.784287
2.978000 3.780304
2.979000 3.770415
2.980000 3.761766
2.981000 3.754187
2.982000 3.758377
2.983000 3.753727
2.984000 3.744720
2.985000 3.743383
2.986000 3.734300
2.987000 3.734986
2.988000 3.731611
2.989000 3.728978
2.990000 3.724257
2.991000 3.720236
2.992000 3.720059
2.993000 3.714398
2.994000 3.730793
2.995000 3.708833
2.996000 3.712613
2.997000 3.702241
2.998000 3.706957
2.999000 3.702623
3.000000 3.708099
3.001000 3.701714
3.002000 3.704737
3.003000 3.692752
3.004000 3.691175
3.005000 3.688668
3.006000 3.679661
3.007000 3.667345
3.008000 3.660829
3.009000 3.651721
3.010000 3.641183
3.011000 3.628651
3.012000 3.627746
3.013000 3.625347
3.014000 3.616609
3.015000 3.616751
3.016000 3.618922
3.017000 3.610749
3.018000 3.613751
3.019000 3.615163
3.020000 3.612312
3.021000 3.607102
3.022000 3.601182
3.023000 3.607724
3.024000 3.602502
3.025000 3.591246
3.026000 3.588406
3.027000 3.582290
3.028000 3.580585
3.029000 3.590957
3.030000 3.584311
3.031000 3.575503
3.032000 3.562581
3.033000 3.579860
3.034000 3.574774
3.035000 3.580496
3.036000 3.573600
3.037000 3.562680
3.038000 3.560563
3.039000 3.549847
3.040000 3.549187
3.041000 3.559809
3.042000 3.559261
3.043000 3.562868
3.044000 3.561837
3.045000 3.562408
3.046000 3.551313
3.047000 3.542862
3.048000 3.538049
3.049000 3.543689
3.050000 3.546309
3.051000 3.536892
3.052000 3.526925
3.053000 3.524586
3.054000 3.516376
3.055000 3.511541
3.056000 3.510573
3.057000 3.496943
3.058000 3.495670
3.059000 3.486315
3.060000 3.486610
3.061000 3.470614
3.062000 3.466805
3.063000 3.457685
3.064000 3.452242
3.065000 3.449450
3.066000 3.451632
3.067000 3.447269
3.068000 3.443841
3.069000 3.430006
3.070000 3.419590
3.071000 3.409053
3.072000 3.407418
3.073000 3.401813
3.074000 3.392176
3.075000 3.376745
3.076000 3.366595
3.077000 3.361959
3.078000 3.352319
3.079000 3.353840
3.080000 3.348368
3.081000 3.344215
3.082000 3.339506
3.083000 3.345571
3.084000 3.343415
3.085000 3.337402
3.086000 3.337675
3.087000 3.331651
3.088000 3.328855
3.089000 3.316290
3.090000 3.327217
3.091000 3.327026
3.092000 3.320460
3.093000 3.300833
3.094000 3.294676
3.095000 3.285572
3.096000 3.281059
3.097000 3.284815
3.098000 3.267987
3.099000 3.261052
3.100000 3.255751
3.101000 3.244109
3.102000 3.241264
3.103000 3.230220
3.104000 3.233408
3.105000 3.227252
3.106000 3.219643
3.107000 3.208413
3.108000 3.205369
3.109000 3.205268
3.110000 3.216161
3.111000 3.205633
3.112000 3.198908
3.113000 3.183796
3.114000 3.182952
3.115000 3.176705
3.116000 3.187582
3.117000 3.191359
3.118000 3.185935
3.119000 3.186944
3.120000 3.180388
3.121000 3.179455
3.122000 3.181713
3.123000 3.178778
3.124000 3.176291
3.125000 3.181758
3.126000 3.178912
3.127000 3.181097
3.128000 3.182361
3.129000 3.175809
3.130000 3.173616
3.131000 3.159762
3.132000 3.158104
3.133000 3.152342
3.134000 3.145105
3.135000 3.128602
3.136000 3.122430
3.137000 3.116245
3.138000 3.107285
3.139000 3.097904
3.140000 3.096028
3.141000 3.083793
3.142000 3.085898
3.143000 3.088267
3.144000 3.078985
3.145000 3.082708
3.146000 3.078047
3.147000 3.069104
3.148000 3.064830
3.149000 3.052375
3.150000 3.050188
3.151000 3.048163
3.152000 3.035219
3.153000 3.034551
3.154000 3.031560
3.155000 3.036194
3.156000 3.027552
3.157000 3.035112
3.158000 3.034291
3.159000 3.023614
3.160000 3.019859
3.161000 3.007588
3.162000 2.995920
3.163000 2.996590
3.164000 2.992736
3.165000 2.991347
3.166000 2.980524
3.167000 2.975617
3.168000 2.977175
3.169000 2.975131
3.170000 2.971585
3.171000 2.971605
3.172000 2.965121
3.173000 2.961646
3.174000 2.958747
3.175000 2.944581
3.176000 2.946933
3.177000 2.946701
3.178000 2.933613
3.179000 2.925079
3.180000 2.935932
3.181000 2.937218
3.182000 2.941254
3.183000 2.936332
3.184000 2.939307
3.185000 2.934027
3.186000 2.938335
3.187000 2.933907
3.188000 2.937990
3.189000 2.936427
3.190000 2.939343
3.191000 2.926618
3.192000 2.918214
3.193000 2.925046
3.194000 2.925976
3.195000 2.916904
3.196000 2.913503
3.197000 2.912812
3.198000 2.907282
3.199000 2.909102
3.200000 2.907415
3.201000 2.903940
3.202000 2.894347
3.203000 2.889210
3.204000 2.871079
3.205000 2.861197
3.206000 2.850731
3.207000 2.844134
3.208000 2.843811
3.209000 2.833562
3.210000 2.824783
3.211000 2.821988
3.212000 2.817474
3.213000 2.816063
3.214000 2.824099
3.215000 2.818593
3.216000 2.809777
3.217000 2.807524
3.218000 2.812917
3.219000 2.815612
3.220000 2.808843
3.221000 2.780861
3.222000 2.773247
3.223000 2.769834
3.224000 2.757519
3.225000 2.753350
3.226000 2.754389
3.227000 2.753661
3.228000 2.742937
3.229000 2.738760
3.230000 2.730576
3.231000 2.721943
3.232000 2.720479
3.233000 2.717468
3.234000 2.717406
3.235000 2.718861
3.236000 2.709493
3.237000 2.706533
3.238000 2.699953
3.239000 2.690829
3.240000 2.684158
3.241000 2.683253
3.242000 2.675512
3.243000 2.671611
3.244000 2.662138
3.245000 2.657171
3.246000 2.664154
3.247000 2.654400
3.248000 2.649392
3.249000 2.651728
3.250000 2.649081
3.251000 2.643489
3.252000 2.636890
3.253000 2.640252
3.254000 2.644448
3.255000 2.629516
3.256000 2.627498
3.257000 2.629060
3.258000 2.627963
3.259000 2.625242
3.260000 2.630282
3.261000 2.622102
3.262000 2.626759
3.263000 2.624533
3.264000 2.628466
3.265000 2.618607
3.266000 2.634467
3.267000 2.639096
3.268000 2.639998
3.269000 2.639987
3.270000 2.638923
3.271000 2.636441
3.272000 2.628954
3.273000 2.619650
3.274000 2.615445
3.275000 2.606153
3.276000 2.611049
3.277000 2.600668
3.278000 2.608024
3.279000 2.600483
3.280000 2.601129
3.281000 2.599734
3.282000 2.604047
3.283000 2.604657
3.284000 2.601965
3.285000 2.580992
3.286000 2.583570
3.287000 2.580814
3.288000 2.578998
3.289000 2.577508
3.290000 2.574448
3.291000 2.561965
3.292000 2.574435
3.293000 2.561613
3.294000 2.552972
3.295000 2.560679
3.296000 2.561184
3.297000 2.548455
3.298000 2.544600
3.299000 2.551275
3.300000 2.549657
3.301000 2.551941
3.302000 2.547248
3.303000 2.540180
3.304000 2.534016
3.305000 2.528009
3.306000 2.525816
3.307000 2.502700
3.308000 2.499088
3.309000 2.503745
3.310000 2.492964
3.311000 2.476567
3.312000 2.470408
3.313000 2.469249
3.314000 2.467197
3.315000 2.464988
3.316000 2.462631
3.317000 2.460567
3.318000 2.460629
3.319000 2.461267
3.320000 2.456440
3.321000 2.443947
3.322000 2.445812
3.323000 2.441489
3.324000 2.453048
3.325000 2.433315
3.326000 2.429250
3.327000 2.424333
3.328000 2.423651
3.329000 2.431787
3.330000 2.430521
3.331000 2.420794
3.332000 2.412853
3.333000 2.409293
3.334000 2.403002
3.335000 2.392975
3.336000 2.385377
3.337000 2.384698
3.338000 2.380198
3.339000 2.374328
3.340000 2.376929
3.341000 2.372961
3.342000 2.372283
3.343000 2.369281
3.344000 2.366475
3.345000 2.371500
3.346000 2.361054
3.347000 2.355166
3.348000 2.359692
3.349000 2.355429
3.350000 2.342188
3.351000 2.345755
3.352000 2.343961
3.353000 2.339922
3.354000 2.321801
3.355000 2.319147
3.356000 2.316719
3.357000 2.312532
3.358000 2.312556
3.359000 2.309350
3.360000 2.300151
3.361000 2.289839
3.362000 2.295745
3.363000 2.285979
3.364000 2.289825
3.365000 2.287863
3.366000 2.267435
3.367000 2.267359
3.368000 2.262213
3.369000 2.253008
3.370000 2.260131
3.371000 2.259088
3.372000 2.262956
3.373000 2.259014
3.374000 2.259895
3.375000 2.256682
3.376000 2.251671
3.377000 2.243811
3.378000 2.241855
3.379000 2.238732
3.380000 2.243493
3.381000 2.246367
3.382000 2.244473
3.383000 2.249164
3.384000 2.253566
3.385000 2.244359
3.386000 2.235747
3.387000 2.242727
3.388000 2.234340
3.389000 2.229907
3.390000 2.224914
3.391000 2.216484
3.392000 2.210777
3.393000 2.206292
3.394000 2.206921
3.395000 2.201582
3.396000 2.198725
3.397000 2.196200
3.398000 2.197006
3.399000 2.192134
3.400000 2.186126
3.401000 2.177849
3.402000 2.168953
3.403000 2.167933
3.404000 2.157494
3.405000 2.159260
3.406000 2.148723
3.407000 2.137047
3.408000 2.141830
3.409000 2.129439
3.410000 2.125963
3.411000 2.129571
3.412000 2.126344
3.413000 2.119119
3.414000 2.122807
3.415000 2.123271
3.416000 2.134622
3.417000 2.130558
3.418000 2.130949
3.419000 2.128329
3.420000 2.128597
3.421000 2.128604
3.422000 2.119239
3.423000 2.109969
3.424000 2.103553
3.425000 2.101082
3.426000 2.092914
3.427000 2.095028
3.428000 2.089862
3.429000 2.091386
3.430000 2.091584
3.431000 2.079169
3.432000 2.065961
3.433000 2.060787
3.434000 2.061541
3.435000 2.062914
3.436000 2.067604
3.437000 2.062060
3.438000 2.054906
3.439000 2.055515
3.440000 2.052810
3.441000 2.052529
3.442000 2.049270
3.443000 2.049421
3.444000 2.041639
3.445000 2.040037
3.446000 2.028190
3.447000 2.030552
3.448000 2.015818
3.449000 2.008915
3.450000 2.005947
3.451000 2.001863
3.452000 2.002580
3.453000 2.001423
3.454000 1.990966
3.455000 1.985922
3.456000 1.986873
3.457000 1.968178
3.458000 1.968226
3.459000 1.964181
3.460000 1.968080
3.461000 1.966204
3.462000 1.958604
3.463000 1.954909
3.464000 1.948122
3.465000 1.948556
3.466000 1.957872
3.467000 1.952572
3.468000 1.960073
3.469000 1.949567
3.470000 1.943597
3.471000 1.944533
3.472000 1.935792
3.473000 1.941648
3.474000 1.944449
3.475000 1.931260
3.476000 1.935243
3.477000 1.936018
3.478000 1.938675
3.479000 1.942532
3.480000 1.952650
3.481000 1.949040
3.482000 1.934221
3.483000 1.925888
3.484000 1.925006
3.485000 1.910133
3.486000 1.911210
3.487000 1.912342
3.488000 1.912705
3.489000 1.900218
3.490000 1.886539
3.491000 1.882705
3.492000 1.880306
3.493000 1.864641
3.494000 1.859674
3.495000 1.872601
3.496000 1.869770
3.497000 1.862893
3.498000 1.847548
3.499000 1.830017
3.500000 1.832595
3.501000 1.822265
3.502000 1.817452
3.503000 1.823455
3.504000 1.816811
3.505000 1.812270
3.506000 1.795627
3.507000 1.788162
3.508000 1.788936
3.509000 1.782151
3.510000 1.777729
3.511000 1.778008
3.512000 1.778476
3.513000 1.762448
3.514000 1.754502
3.515000 1.754512
3.516000 1.749601
3.517000 1.730414
3.518000 1.724388
3.519000 1.717629
3.520000 1.719404
3.521000 1.712158
3.522000 1.712279
3.523000 1.710971
3.524000 1.692278
3.525000 1.683606
3.526000 1.680689
3.527000 1.679394
3.528000 1.675458
3.529000 1.675396
3.530000 1.676256
3.531000 1.670396
3.532000 1.663318
3.533000 1.679227
3.534000 1.677189
3.535000 1.666236
3.536000 1.659412
3.537000 1.660217
3.538000 1.655982
3.539000 1.659245
3.540000 1.656584
3.541000 1.657155
3.542000 1.653891
3.543000 1.654881
3.544000 1.661010
3.545000 1.656587
3.546000 1.651545
3.547000 1.647024
3.548000 1.649361
3.549000 1.636753
3.550000 1.637750
3.551000 1.628970
3.552000 1.617762
3.553000 1.613771
3.554000 1.611119
3.555000 1.613119
3.556000 1.611178
3.557000 1.616764
3.558000 1.611311
3.559000 1.617470
3.560000 1.617467
3.561000 1.619169
3.562000 1.617503
3.563000 1.609351
3.564000 1.612646
3.565000 1.612689
3.566000 1.615664
3.567000 1.600349
3.568000 1.585474
3.569000 1.582422
3.570000 1.583098
3.571000 1.587183
3.572000 1.590385
3.573000 1.587966
3.574000 1.585969
3.575000 1.576886
3.576000 1.566784
3.577000 1.562829
3.578000 1.565475
3.579000 1.552043
3.580000 1.557137
3.581000 1.545085
3.582000 1.545201
3.583000 1.547125
3.584000 1.550338
3.585000 1.542692
3.586000 1.539386
3.587000 1.531948
3.588000 1.549885
3.589000 1.554003
3.590000 1.558843
3.591000 1.558765
3.592000 1.563361
3.593000 1.570495
3.594000 1.552762
3.595000 1.560246
3.596000 1.561992
3.597000 1.570291
3.598000 1.576097
3.599000 1.575213
3.600000 1.575945
3.601000 1.580811
3.602000 1.566359
3.603000 1.564664
3.604000 1.565399
3.605000 1.565521
3.606000 1.552640
3.607000 1.552860
3.608000 1.552869
3.609000 1.556491
3.610000 1.556020
3.611000 1.547912
3.612000 1.549936
3.613000 1.542673
3.614000 1.542962
3.615000 1.546428
3.616000 1.543148
3.617000 1.546548
3.618000 1.537648
3.619000 1.530720
3.620000 1.525324
3.621000 1.535702
3.622000 1.514986
3.623000 1.501722
3.624000 1.503004
3.625000 1.491389
3.626000 1.490237
3.627000 1.492849
3.628000 1.490466
3.629000 1.476994
3.630000 1.481447
3.631000 1.475469
3.632000 1.473193
3.633000 1.454614
3.634000 1.450243
3.635000 1.446000
3.636000 1.447203
3.637000 1.452148
3.638000 1.451311
3.639000 1.454227
3.640000 1.448184
3.641000 1.450719
3.642000 1.444751
3.643000 1.444509
3.644000 1.445888
3.645000 1.439274
3.646000 1.436168
3.647000 1.424320
3.648000 1.431786
3.649000 1.421434
3.650000 1.415863
3.651000 1.403054
3.652000 1.403030
3.653000 1.397982
3.654000 1.391582
3.655000 1.395028
3.656000 1.385602
3.657000 1.373993
3.658000 1.373074
3.659000 1.377733
3.660000 1.365946
3.661000 1.369578
3.662000 1.361282
3.663000 1.365185
3.664000 1.364019
3.665000 1.364850
3.666000 1.365404
3.667000 1.353491
3.668000 1.342374
3.669000 1.331973
3.670000 1.326303
3.671000 1.321715
3.672000 1.322229
3.673000 1.324975
3.674000 1.324888
3.675000 1.324020
3.676000 1.329557
3.677000 1.332902
3.678000 1.327348
3.679000 1.323871
3.680000 1.314818
3.681000 1.305066
3.682000 1.307197
3.683000 1.297096
3.684000 1.284099
3.685000 1.293702
3.686000 1.297668
3.687000 1.283956
3.688000 1.283608
3.689000 1.268093
3.690000 1.267247
3.691000 1.262881
3.692000 1.256724
3.693000 1.252830
3.694000 1.249305
3.695000 1.241627
3.696000 1.248896
3.697000 1.241620
3.698000 1.249816
3.699000 1.243714
3.700000 1.251940
3.701000 1.234822
3.702000 1.233257
3.703000 1.236618
3.704000 1.226098
3.705000 1.224139
3.706000 1.228626
3.707000 1.217319
3.708000 1.217351
3.709000 1.212718
3.710000 1.205956
3.711000 1.195463
3.712000 1.183757
3.713000 1.171669
3.714000 1.171499
3.715000 1.156903
3.716000 1.160256
3.717000 1.152619
3.718000 1.150221
3.719000 1.148566
3.720000 1.155571
3.721000 1.157008
3.722000 1.161944
3.723000 1.149223
3.724000 1.149402
3.725000 1.151513
3.726000 1.140641
3.727000 1.145016
3.728000 1.155070
3.729000 1.149948
3.730000 1.137521
3.731000 1.128288
3.732000 1.123162
3.733000 1.113547
3.734000 1.119265
3.735000 1.120967
3.736000 1.125708
3.737000 1.131049
3.738000 1.136427
3.739000 1.126013
3.740000 1.128943
3.741000 1.132188
3.742000 1.127491
3.743000 1.124777
3.744000 1.130250
3.745000 1.133073
3.746000 1.121278
3.747000 1.113221
3.748000 1.099845
3.749000 1.099406
3.750000 1.094476
3.751000 1.088109
3.752000 1.099642
3.753000 1.102920
3.754000 1.101540
3.755000 1.095081
3.756000 1.092501
3.757000 1.094029
3.758000 1.092356
3.759000 1.081732
3.760000 1.074695
3.761000 1.075374
3.762000 1.082051
3.763000 1.077943
3.764000 1.080309
3.765000 1.067548
3.766000 1.065455
3.767000 1.072125
3.768000 1.063279
3.769000 1.074016
3.770000 1.071751
3.771000 1.070782
3.772000 1.057421
3.773000 1.067403
3.774000 1.074369
3.775000 1.063915
3.776000 1.058631
3.777000 1.068048
3.778000 1.060546
3.779000 1.054195
3.780000 1.054412
3.781000 1.072233
3.782000 1.062416
3.783000 1.046249
3.784000 1.029944
3.785000 1.034774
3.786000 1.044357
3.787000 1.042496
3.788000 1.040886
3.789000 1.051049
3.790000 1.044957
3.791000 1.048513
3.792000 1.055790
3.793000 1.057369
3.794000 1.053672
3.795000 1.058944
3.796000 1.062581
3.797000 1.062997
3.798000 1.067938
3.799000 1.063819
3.800000 1.057730
3.801000 1.064066
3.802000 1.057582
3.803000 1.058064
3.804000 1.065338
3.805000 1.062116
3.806000 1.057711
3.807000 1.052289
3.808000 1.053712
3.809000 1.047259
3.810000 1.042619
3.811000 1.047689
3.812000 1.044188
3.813000 1.045409
3.814000 1.051480
3.815000 1.057477
3.816000 1.057828
3.817000 1.056852
3.818000 1.068189
3.819000 1.065672
3.820000 1.058605
3.821000 1.050802
3.822000 1.053263
3.823000 1.052090
3.824000 1.055661
3.825000 1.063978
3.826000 1.066029
3.827000 1.060339
3.828000 1.066506
3.829000 1.070597
3.830000 1.061378
3.831000 1.069287
3.832000 1.074535
3.833000 1.069559
3.834000 1.068773
3.835000 1.076079
3.836000 1.072785
3.837000 1.067182
3.838000 1.078127
3.839000 1.074020
3.840000 1.064493
3.841000 1.054476
3.842000 1.046595
3.843000 1.044117
3.844000 1.044344
3.845000 1.034537
3.846000 1.034682
3.847000 1.039093
3.848000 1.038676
3.849000 1.036253
3.850000 1.028495
3.851000 1.034785
3.852000 1.034361
3.853000 1.036583
3.854000 1.039879
3.855000 1.047025
3.856000 1.036253
3.857000 1.026059
3.858000 1.029103
3.859000 1.026026
3.860000 1.027438
3.861000 1.035168
3.862000 1.023756
3.863000 1.017684
3.864000 1.013870
3.865000 1.017183
3.866000 1.022807
3.867000 1.032837
3.868000 1.028754
3.869000 1.026268
3.870000 1.027172
3.871000 1.019217
3.872000 1.021428
3.873000 1.016361
3.874000 1.021815
3.875000 1.012509
3.876000 1.015647
3.877000 1.012768
3.878000 1.006063
3.879000 1.008334
3.880000 1.012216
3.881000 1.003897
3.882000 0.999984
3.883000 0.996184
3.884000 0.996002
3.885000 0.993605
3.886000 0.999042
3.887000 0.995610
3.888000 1.007113
3.889000 1.010725
3.890000 1.014844
3.891000 1.006526
3.892000 1.005286
3.893000 1.011631
3.894000 1.010686
3.895000 1.002399
3.896000 1.003518
3.897000 0.997113
3.898000 1.008118
3.899000 1.004863
3.900000 0.995044
3.901000 0.993691
3.902000 0.995115
3.903000 0.991720
3.904000 0.987964
3.905000 0.980763
3.906000 0.977457
3.907000 0.975503
3.908000 0.988272
3.909000 0.975373
3.910000 0.972783
3.911000 0.967330
3.912000 0.963887
3.913000 0.963544
3.914000 0.961973
3.915000 0.967270
3.916000 0.964210
3.917000 0.951792
3.918000 0.946132
3.919000 0.954108
3.920000 0.937548
3.921000 0.936981
3.922000 0.940777
3.923000 0.926212
3.924000 0.934917
3.925000 0.938864
3.926000 0.943030
3.927000 0.944024
3.928000 0.946196
3.929000 0.948163
3.930000 0.954697
3.931000 0.967599
3.932000 0.966859
3.933000 0.963194
3.934000 0.972386
3.935000 0.973771
3.936000 0.962716
3.937000 0.964848
3.938000 0.960402
3.939000 0.954769
3.940000 0.963899
3.941000 0.967940
3.942000 0.968633
3.943000 0.975299
3.944000 0.975490
3.945000 0.975484
3.946000 0.966358
3.947000 0.965832
3.948000 0.954209
3.949000 0.947266
3.950000 0.946303
3.951000 0.944102
3.952000 0.935248
3.953000 0.954354
3.954000 0.953724
3.955000 0.949112
3.956000 0.949619
3.957000 0.946132
3.958000 0.947952
3.959000 0.962209
3.960000 0.963420
3.961000 0.963578
3.962000 0.964679
3.963000 0.967360
3.964000 0.969907
3.965000 0.964842
3.966000 0.971471
3.967000 0.968197
3.968000 0.976641
3.969000 0.980511
3.970000 0.983885
3.971000 0.995735
3.972000 0.997740
3.973000 1.001181
3.974000 1.008409
3.975000 0.999704
3.976000 1.005822
3.977000 1.009577
3.978000 1.017003
3.979000 1.016716
3.980000 1.022511
3.981000 1.025488
3.982000 1.024235
3.983000 1.017595
3.984000 1.015520
3.985000 1.015011
3.986000 1.018363
3.987000 1.023726
3.988000 1.028786
3.989000 1.025885
3.990000 1.026617
3.991000 1.022121
3.992000 1.005164
3.993000 0.996246
3.994000 0.990051
3.995000 0.986625
3.996000 0.981857
3.997000 0.978620
3.998000 0.965892
3.999000 0.968753
4.000000 0.975126
4.001000 0.966043
4.002000 0.973030
4.003000 0.966571
4.004000 0.969256
4.005000 0.990020
4.006000 0.986254
4.007000 0.988701
4.008000 0.993640
4.009000 0.994509
4.010000 0.997277
4.011000 1.000876
4.012000 0.994943
4.013000 0.998941
4.014000 1.003102
4.015000 0.991964
4.016000 0.983029
4.017000 0.989279
4.018000 0.992962
4.019000 0.992748
4.020000 0.995170
4.021000 1.003839
4.022000 1.002930
4.023000 1.005185
4.024000 1.010347
4.025000 1.007194
4.026000 1.018372
4.027000 1.023514
4.028000 1.017627
4.029000 1.015429
4.030000 1.019242
4.031000 1.014471
4.032000 1.009838
4.033000 1.012568
4.034000 1.005797
4.035000 1.004112
4.036000 1.010307
4.037000 1.011173
4.038000 1.021803
4.039000 1.015159
4.040000 1.017573
4.041000 1.026504
4.042000 1.033468
4.043000 1.022770
4.044000 1.019676
4.045000 1.019141
4.046000 1.016809
4.047000 1.019649
4.048000 1.013262
4.049000 1.017343
4.050000 1.012604
4.051000 1.010833
4.052000 1.005056
4.053000 1.003685
4.054000 1.007841
4.055000 1.007889
4.056000 1.000853
4.057000 0.998382
4.058000 1.005037
4.059000 1.006803
4.060000 1.009277
4.061000 1.017064
4.062000 1.014505
4.063000 1.017804
4.064000 1.004476
4.065000 1.006703
4.066000 1.012529
4.067000 1.015101
4.068000 1.012826
4.069000 1.020529
4.070000 1.015477
4.071000 1.018280
4.072000 1.023498
4.073000 1.029047
4.074000 1.035158
4.075000 1.028447
4.076000 1.027071
4.077000 1.028950
4.078000 1.026848
4.079000 1.027245
4.080000 1.036120
4.081000 1.032738
4.082000 1.037264
4.083000 1.040627
4.084000 1.035584
4.085000 1.037121
4.086000 1.036212
4.087000 1.040302
4.088000 1.043207
4.089000 1.052353
4.090000 1.045046
4.091000 1.044266
4.092000 1.049373
4.093000 1.048184
4.094000 1.048610
4.095000 1.054870
4.096000 1.059535
4.097000 1.067971
4.098000 1.066267
4.099000 1.070510
4.100000 1.072709
4.101000 1.069403
4.102000 1.082423
4.103000 1.078112
4.104000 1.080427
4.105000 1.073049
4.106000 1.073529
4.107000 1.075143
4.108000 1.076153
4.109000 1.069007
4.110000 1.067091
4.111000 1.071579
4.112000 1.079586
4.113000 1.084050
4.114000 1.098381
4.115000 1.106694
4.116000 1.108778
4.117000 1.118733
4.118000 1.128473
4.119000 1.112378
4.120000 1.115275
4.121000 1.118556
4.122000 1.103310
4.123000 1.096050
4.124000 1.098599
4.125000 1.096621
4.126000 1.100932
4.127000 1.105620
4.128000 1.106511
4.129000 1.108961
4.130000 1.110270
4.131000 1.109923
4.132000 1.111492
4.133000 1.109786
4.134000 1.108903
4.135000 1.108216
4.136000 1.107501
4.137000 1.099886
4.138000 1.101951
4.139000 1.116717
4.140000 1.133386
4.141000 1.130962
4.142000 1.132862
4.143000 1.125389
4.144000 1.132592
4.145000 1.141178
4.146000 1.144269
4.147000 1.141759
4.148000 1.134279
4.149000 1.134525
4.150000 1.124841
4.151000 1.121703
4.152000 1.125007
4.153000 1.131789
4.154000 1.138206
4.155000 1.138889
4.156000 1.140922
4.157000 1.137135
4.158000 1.133949
4.159000 1.139669
4.160000 1.139979
4.161000 1.144097
4.162000 1.138165
4.163000 1.144326
4.164000 1.151301
4.165000 1.152334
4.166000 1.150115
4.167000 1.150248
4.168000 1.150509
4.169000 1.160814
4.170000 1.166213
4.171000 1.161143
4.172000 1.162198
4.173000 1.150299
4.174000 1.148246
4.175000 1.149795
4.176000 1.150584
4.177000 1.149877
4.178000 1.157458
4.179000 1.151137
4.180000 1.140291
4.181000 1.150639
4.182000 1.157277
4.183000 1.150966
4.184000 1.154154
4.185000 1.150258
4.186000 1.162127
4.187000 1.168009
4.188000 1.175077
4.189000 1.180475
4.190000 1.178239
4.191000 1.184102
4.192000 1.183966
4.193000 1.176021
4.194000 1.182822
4.195000 1.193932
4.196000 1.202578
4.197000 1.210192
4.198000 1.216328
4.199000 1.220755
4.200000 1.214540
4.201000 1.211257
4.202000 1.213711
4.203000 1.217745
4.204000 1.232197
4.205000 1.235173
4.206000 1.233531
4.207000 1.242286
4.208000 1.235398
4.209000 1.230927
4.210000 1.210959
4.211000 1.206105
4.212000 1.205226
4.213000 1.200215
4.214000 1.209693
4.215000 1.208288
4.216000 1.212834
4.217000 1.217121
4.218000 1.219044
4.219000 1.226369
4.220000 1.220847
4.221000 1.220316
4.222000 1.223027
4.223000 1.230862
4.224000 1.236812
4.225000 1.240504
4.226000 1.239600
4.227000 1.233439
4.228000 1.218796
4.229000 1.226977
4.230000 1.222681
4.231000 1.230828
4.232000 1.234107
4.233000 1.237248
4.234000 1.230461
4.235000 1.232882
4.236000 1.241450
4.237000 1.236335
4.238000 1.243569
4.239000 1.235534
4.240000 1.238715
4.241000 1.236730
4.242000 1.243737
4.243000 1.246346
4.244000 1.241205
4.245000 1.244486
4.246000 1.241027
4.247000 1.241445
4.248000 1.234830
4.249000 1.234841
4.250000 1.236564
4.251000 1.257320
4.252000 1.255213
4.253000 1.260713
4.254000 1.253628
4.255000 1.259015
4.256000 1.265945
4.257000 1.258831
4.258000 1.265083
4.259000 1.265802
4.260000 1.262062
4.261000 1.259739
4.262000 1.274234
4.263000 1.272106
4.264000 1.282735
4.265000 1.291559
4.266000 1.285882
4.267000 1.294717
4.268000 1.292374
4.269000 1.289305
4.270000 1.291087
4.271000 1.293406
4.272000 1.294303
4.273000 1.298157
4.274000 1.301550
4.275000 1.307086
4.276000 1.305984
4.277000 1.316851
4.278000 1.323706
4.279000 1.339685
4.280000 1.334698
4.281000 1.334502
4.282000 1.330411
4.283000 1.337999
4.284000 1.330013
4.285000 1.334802
4.286000 1.338198
4.287000 1.349030
4.288000 1.353049
4.289000 1.359078
4.290000 1.363602
4.291000 1.372689
4.292000 1.393335
4.293000 1.403512
4.294000 1.401986
4.295000 1.403572
4.296000 1.396149
4.297000 1.400572
4.298000 1.405901
4.299000 1.401790
4.300000 1.407202
4.301000 1.413988
4.302000 1.410856
4.303000 1.407187
4.304000 1.412515
4.305000 1.429770
4.306000 1.434062
4.307000 1.439755
4.308000 1.444962
4.309000 1.441712
4.310000 1.458444
4.311000 1.462669
4.312000 1.463082
4.313000 1.473281
4.314000 1.474142
4.315000 1.470168
4.316000 1.468179
4.317000 1.466871
4.318000 1.469929
4.319000 1.473623
4.320000 1.469900
4.321000 1.467294
4.322000 1.487191
4.323000 1.483491
4.324000 1.495420
4.325000 1.490137
4.326000 1.486048
4.327000 1.487240
4.328000 1.497479
4.329000 1.496568
4.330000 1.493957
4.331000 1.497011
4.332000 1.492076
4.333000 1.495945
4.334000 1.499613
4.335000 1.503387
4.336000 1.500815
4.337000 1.499599
4.338000 1.503154
4.339000 1.508103
4.340000 1.498416
4.341000 1.506271
4.342000 1.502341
4.343000 1.510108
4.344000 1.509952
4.345000 1.512606
4.346000 1.510972
4.347000 1.515435
4.348000 1.519469
4.349000 1.525208
4.350000 1.527424
4.351000 1.523148
4.352000 1.531029
4.353000 1.531839
4.354000 1.554858
4.355000 1.576848
4.356000 1.571559
4.357000 1.571887
4.358000 1.570318
4.359000 1.574453
4.360000 1.578880
4.361000 1.580566
4.362000 1.587105
4.363000 1.587465
4.364000 1.593469
4.365000 1.613138
4.366000 1.626004
4.367000 1.636229
4.368000 1.635836
4.369000 1.636193
4.370000 1.635448
4.371000 1.635194
4.372000 1.636147
4.373000 1.635597
4.374000 1.638387
4.375000 1.649792
4.376000 1.648170
4.377000 1.653155
4.378000 1.639089
4.379000 1.637395
4.380000 1.644367
4.381000 1.648901
4.382000 1.645312
4.383000 1.641708
4.384000 1.646573
4.385000 1.653576
4.386000 1.654218
4.387000 1.635855
4.388000 1.644948
4.389000 1.653604
4.390000 1.660555
4.391000 1.660270
4.392000 1.672509
4.393000 1.674012
4.394000 1.665655
4.395000 1.669440
4.396000 1.680969
4.397000 1.685853
4.398000 1.680735
4.399000 1.689909
4.400000 1.695146
4.401000 1.698378
4.402000 1.704259
4.403000 1.691147
4.404000 1.690813
4.405000 1.697801
4.406000 1.694685
4.407000 1.693344
4.408000 1.707677
4.409000 1.700475
4.410000 1.699825
4.411000 1.697188
4.412000 1.697631
4.413000 1.695190
4.414000 1.714956
4.415000 1.712800
4.416000 1.714199
4.417000 1.724290
4.418000 1.733600
4.419000 1.752033
4.420000 1.763511
4.421000 1.771881
4.422000 1.775705
4.423000 1.773034
4.424000 1.783983
4.425000 1.796832
4.426000 1.794506
4.427000 1.793395
4.428000 1.793442
4.429000 1.790348
4.430000 1.793463
4.431000 1.795034
4.432000 1.797095
4.433000 1.798107
4.434000 1.801968
4.435000 1.811626
4.436000 1.818410
4.437000 1.818934
4.438000 1.811900
4.439000 1.816616
4.440000 1.827551
4.441000 1.832093
4.442000 1.837255
4.443000 1.832547
4.444000 1.824170
4.445000 1.833121
4.446000 1.843391
4.447000 1.840074
4.448000 1.845045
4.449000 1.847210
4.450000 1.847845
4.451000 1.853162
4.452000 1.860536
4.453000 1.868606
4.454000 1.869648
4.455000 1.875331
4.456000 1.883378
4.457000 1.885945
4.458000 1.889363
4.459000 1.883825
4.460000 1.874007
4.461000 1.888479
4.462000 1.899083
4.463000 1.900739
4.464000 1.902646
4.465000 1.911518
4.466000 1.918517
4.467000 1.928296
4.468000 1.936141
4.469000 1.936308
4.470000 1.940217
4.471000 1.940472
4.472000 1.933719
4.473000 1.937282
4.474000 1.942390
4.475000 1.949343
4.476000 1.940712
4.477000 1.947902
4.478000 1.942747
4.479000 1.951968
4.480000 1.958316
4.481000 1.972236
4.482000 1.978008
4.483000 1.993421
4.484000 1.998373
4.485000 2.006274
4.486000 2.016791
4.487000 2.022222
4.488000 2.032358
4.489000 2.031800
4.490000 2.041775
4.491000 2.041699
4.492000 2.046485
4.493000 2.041342
4.494000 2.038789
4.495000 2.036335
4.496000 2.043096
4.497000 2.048889
4.498000 2.053521
4.499000 2.055295
4.500000 2.058031
4.501000 2.065769
4.502000 2.069573
4.503000 2.079245
4.504000 2.080508
4.505000 2.078141
4.506000 2.087027
4.507000 2.079094
4.508000 2.085696
4.509000 2.083501
4.510000 2.083191
4.511000 2.083463
4.512000 2.079075
4.513000 2.093881
4.514000 2.104610
4.515000 2.109258
4.516000 2.103629
4.517000 2.109762
4.518000 2.112701
4.519000 2.120170
4.520000 2.124481
4.521000 2.124844
4.522000 2.130540
4.523000 2.137437
4.524000 2.141977
4.525000 2.137936
4.526000 2.148729
4.527000 2.154739
4.528000 2.150168
4.529000 2.154410
4.530000 2.151890
4.531000 2.146624
4.532000 2.144765
4.533000 2.129418
4.534000 2.140017
4.535000 2.136730
4.536000 2.143160
4.537000 2.144286
4.538000 2.136557
4.539000 2.137931
4.540000 2.151948
4.541000 2.151585
4.542000 2.160930
4.543000 2.160645
4.544000 2.166398
4.545000 2.178093
4.546000 2.187937
4.547000 2.188427
4.548000 2.195975
4.549000 2.200538
4.550000 2.201611
4.551000 2.216120
4.552000 2.223749
4.553000 2.231997
4.554000 2.231695
4.555000 2.243757
4.556000 2.257964
4.557000 2.259367
4.558000 2.253675
4.559000 2.246524
4.560000 2.249019
4.561000 2.255208
4.562000 2.256623
4.563000 2.246952
4.564000 2.246118
4.565000 2.259443
4.566000 2.272982
4.567000 2.270714
4.568000 2.273246
4.569000 2.265590
4.570000 2.272773
4.571000 2.266128
4.572000 2.271051
4.573000 2.283096
4.574000 2.274480
4.575000 2.278847
4.576000 2.285841
4.577000 2.297385
4.578000 2.307501
4.579000 2.314476
4.580000 2.321783
4.581000 2.328328
4.582000 2.351049
4.583000 2.352006
4.584000 2.350561
4.585000 2.356621
4.586000 2.358597
4.587000 2.374172
4.588000 2.372415
4.589000 2.373012
4.590000 2.370573
4.591000 2.373036
4.592000 2.379479
4.593000 2.378839
4.594000 2.378145
4.595000 2.385463
4.596000 2.390564
4.597000 2.396607
4.598000 2.406131
4.599000 2.412499
4.600000 2.412812
4.601000 2.414153
4.602000 2.421856
4.603000 2.420815
4.604000 2.433043
4.605000 2.429943
4.606000 2.430241
4.607000 2.431318
4.608000 2.425040
4.609000 2.429009
4.610000 2.422285
4.611000 2.429603
4.612000 2.438387
4.613000 2.441642
4.614000 2.436173
4.615000 2.445366
4.616000 2.441504
4.617000 2.452906
4.618000 2.452813
4.619000 2.454132
4.620000 2.460556
4.621000 2.468023
4.622000 2.479473
4.623000 2.481731
4.624000 2.482361
4.625000 2.488935
4.626000 2.499238
4.627000 2.495863
4.628000 2.508497
4.629000 2.505841
4.630000 2.513318
4.631000 2.522124
4.632000 2.530413
4.633000 2.531240
4.634000 2.528922
4.635000 2.542326
4.636000 2.541992
4.637000 2.536492
4.638000 2.539610
4.639000 2.551664
4.640000 2.551385
4.641000 2.557576
4.642000 2.557207
4.643000 2.558464
4.644000 2.563658
4.645000 2.570184
4.646000 2.583130
4.647000 2.579903
4.648000 2.582759
4.649000 2.589182
4.650000 2.590845
4.651000 2.601350
4.652000 2.600086
4.653000 2.612367
4.654000 2.619275
4.655000 2.620958
4.656000 2.620176
4.657000 2.630032
4.658000 2.634340
4.659000 2.631054
4.660000 2.633677
4.661000 2.644371
4.662000 2.639321
4.663000 2.643998
4.664000 2.650367
4.665000 2.657567
4.666000 2.672017
4.667000 2.666577
4.668000 2.671330
4.669000 2.671770
4.670000 2.683064
4.671000 2.686036
4.672000 2.691923
4.673000 2.702415
4.674000 2.710697
4.675000 2.711866
4.676000 2.722095
4.677000 2.721912
4.678000 2.725451
4.679000 2.738496
4.680000 2.748435
4.681000 2.753516
4.682000 2.767427
4.683000 2.773032
4.684000 2.775543
4.685000 2.778298
4.686000 2.779729
4.687000 2.785562
4.688000 2.792025
4.689000 2.800770
4.690000 2.809437
4.691000 2.801554
4.692000 2.815588
4.693000 2.823063
4.694000 2.812037
4.695000 2.815782
4.696000 2.812483
4.697000 2.808719
4.698000 2.814177
4.699000 2.817914
4.700000 2.815112
4.701000 2.820069
4.702000 2.828696
4.703000 2.826386
4.704000 2.828549
4.705000 2.839431
4.706000 2.848292
4.707000 2.847355
4.708000 2.857017
4.709000 2.858389
4.710000 2.865801
4.711000 2.860095
4.712000 2.861811
4.713000 2.851714
4.714000 2.855039
4.715000 2.846692
4.716000 2.846152
4.717000 2.847023
4.718000 2.859873
4.719000 2.867017
4.720000 2.870313
4.721000 2.877464
4.722000 2.873410
4.723000 2.882885
4.724000 2.888159
4.725000 2.887754
4.726000 2.892071
4.727000 2.894214
4.728000 2.905946
4.729000 2.912440
4.730000 2.906624
4.731000 2.909314
4.732000 2.902664
4.733000 2.923117
4.734000 2.927593
4.735000 2.922746
4.736000 2.942958
4.737000 2.941954
4.738000 2.946077
4.739000 2.948513
4.740000 2.957209
4.741000 2.962295
4.742000 2.963533
4.743000 2.970693
4.744000 2.967232
4.745000 2.969984
4.746000 2.974632
4.747000 2.980097
4.748000 2.982308
4.749000 2.995848
4.750000 3.006234
4.751000 3.011716
4.752000 3.018903
4.753000 3.025390
4.754000 3.025465
4.755000 3.033656
4.756000 3.031920
4.757000 3.020220
4.758000 3.019006
4.759000 3.019339
4.760000 3.023985
4.761000 3.033771
4.762000 3.046941
4.763000 3.058898
4.764000 3.067648
4.765000 3.067995
4.766000 3.079838
4.767000 3.064728
4.768000 3.060869
4.769000 3.060998
4.770000 3.065169
4.771000 3.066622
4.772000 3.070410
4.773000 3.083878
4.774000 3.088097
4.775000 3.097530
4.776000 3.092916
4.777000 3.098949
4.778000 3.099141
4.779000 3.099650
4.780000 3.098234
4.781000 3.107105
4.782000 3.118145
4.783000 3.128199
4.784000 3.132677
4.785000 3.142633
4.786000 3.153866
4.787000 3.148192
4.788000 3.150492
4.789000 3.149169
4.790000 3.151907
4.791000 3.155629
4.792000 3.160775
4.793000 3.160967
4.794000 3.161339
4.795000 3.175565
4.796000 3.182088
4.797000 3.189232
4.798000 3.192403
4.799000 3.200644
4.800000 3.209152
4.801000 3.212202
4.802000 3.214245
4.803000 3.220186
4.804000 3.225834
4.805000 3.239480
4.806000 3.244854
4.807000 3.256220
4.808000 3.266708
4.809000 3.263164
4.810000 3.260099
4.811000 3.274235
4.812000 3.280912
4.813000 3.288655
4.814000 3.294698
4.815000 3.309644
4.816000 3.301110
4.817000 3.300465
4.818000 3.294442
4.819000 3.302036
4.820000 3.301012
4.821000 3.295602
4.822000 3.304451
4.823000 3.307288
4.824000 3.315289
4.825000 3.321218
4.826000 3.329593
4.827000 3.332841
4.828000 3.332706
4.829000 3.331368
4.830000 3.341671
4.831000 3.348628
4.832000 3.350993
4.833000 3.344051
4.834000 3.347283
4.835000 3.353254
4.836000 3.360828
4.837000 3.365079
4.838000 3.369706
4.839000 3.369567
4.840000 3.385580
4.841000 3.394898
4.842000 3.396922
4.843000 3.407355
4.844000 3.406720
4.845000 3.404674
4.846000 3.404136
4.847000 3.413732
4.848000 3.416306
4.849000 3.417882
4.850000 3.423536
4.851000 3.420183
4.852000 3.414400
4.853000 3.426413
4.854000 3.432810
4.855000 3.441814
4.856000 3.455249
4.857000 3.462399
4.858000 3.463022
4.859000 3.471350
4.860000 3.486835
4.861000 3.489389
4.862000 3.505362
4.863000 3.501262
4.864000 3.495120
4.865000 3.503507
4.866000 3.504792
4.867000 3.505471
4.868000 3.504609
4.869000 3.508305
4.870000 3.523868
4.871000 3.525751
4.872000 3.526088
4.873000 3.537083
4.874000 3.535547
4.875000 3.523226
4.876000 3.522576
4.877000 3.521285
4.878000 3.532884
4.879000 3.540753
4.880000 3.542453
4.881000 3.541655
4.882000 3.541863
4.883000 3.540180
4.884000 3.545718
4.885000 3.559625
4.886000 3.576929
4.887000 3.580215
4.888000 3.577719
4.889000 3.566270
4.890000 3.564728
4.891000 3.570026
4.892000 3.583306
4.893000 3.591343
4.894000 3.585347
4.895000 3.585547
4.896000 3.583753
4.897000 3.585731
4.898000 3.589811
4.899000 3.593746
4.900000 3.604897
4.901000 3.608195
4.902000 3.612907
4.903000 3.615087
4.904000 3.617405
4.905000 3.622738
4.906000 3.634520
4.907000 3.640504
4.908000 3.647058
4.909000 3.637017
4.910000 3.633970
4.911000 3.631168
4.912000 3.633818
4.913000 3.643152
4.914000 3.637318
4.915000 3.644744
4.916000 3.663188
4.917000 3.668704
4.918000 3.677851
4.919000 3.672679
4.920000 3.682790
4.921000 3.693970
4.922000 3.704046
4.923000 3.694607
4.924000 3.695568
4.925000 3.703404
4.926000 3.699018
4.927000 3.707294
4.928000 3.713506
4.929000 3.726346
4.930000 3.724732
4.931000 3.730582
4.932000 3.743789
4.933000 3.745588
4.934000 3.746388
4.935000 3.747138
4.936000 3.754409
4.937000 3.753557
4.938000 3.746835
4.939000 3.753316
4.940000 3.768428
4.941000 3.776664
4.942000 3.770199
4.943000 3.777833
4.944000 3.776854
4.945000 3.794112
4.946000 3.796096
4.947000 3.785765
4.948000 3.789873
4.949000 3.793738
4.950000 3.794422
4.951000 3.810052
4.952000 3.824725
4.953000 3.822786
4.954000 3.823940
4.955000 3.824931
4.956000 3.813064
4.957000 3.818129
4.958000 3.822928
4.959000 3.831119
4.960000 3.840725
4.961000 3.841160
4.962000 3.846245
4.963000 3.848811
4.964000 3.851394
4.965000 3.855908
4.966000 3.868973
4.967000 3.875932
4.968000 3.871762
4.969000 3.880665
4.970000 3.882024
4.971000 3.883736
4.972000 3.903829
4.973000 3.895667
4.974000 3.895599
4.975000 3.890395
4.976000 3.890933
4.977000 3.879770
4.978000 3.882119
4.979000 3.882428
4.980000 3.906853
4.981000 3.910036
4.982000 3.918178
4.983000 3.918747
4.984000 3.922767
4.985000 3.918700
4.986000 3.929065
4.987000 3.939781
4.988000 3.952699
4.989000 3.962454
4.990000 3.960957
4.991000 3.969240
4.992000 3.979379
4.993000 3.997554
4.994000 3.998993
4.995000 4.000329
4.996000 4.005109
4.997000 4.006633
4.998000 4.018289
4.999000 4.028469
